# init omega gamma A f
1.496837267e+00 5.397006258e+00 3.900570362e-01 0.000000000e+00 4.997372889e+00
-3.761853920e-01 3.782217099e+00 3.673016582e-01 0.000000000e+00 4.431832112e+00
1.328993174e+00 3.079745271e+00 2.042050120e-01 0.000000000e+00 3.350294761e+00
-7.482857891e-01 5.558353895e+00 7.197868847e-02 0.000000000e+00 3.572343213e+00
-5.680352366e-01 2.030518753e-01 4.022826077e-01 0.000000000e+00 3.154173378e+00
-1.199193528e+00 5.906332276e+00 5.145862370e-02 0.000000000e+00 5.633377623e+00
-8.108538392e-01 1.179947905e+00 1.434026361e-01 0.000000000e+00 6.251111536e+00
-5.698034636e-01 6.022642071e-01 4.518148505e-01 0.000000000e+00 4.612760535e+00
1.457208830e+00 1.747491361e+00 4.994473682e-01 0.000000000e+00 5.758166361e+00
-7.421396146e-01 4.345271644e+00 4.827670010e-01 0.000000000e+00 3.361961476e+00
-1.852407768e-01 4.052907203e+00 4.366890426e-01 0.000000000e+00 5.153722473e+00
3.449943416e-01 5.543237060e+00 2.910461820e-01 0.000000000e+00 3.714064707e+00
1.141770871e+00 7.546578550e-01 3.193074048e-01 0.000000000e+00 6.059066843e+00
1.142199086e+00 1.120508541e+00 3.898611192e-01 0.000000000e+00 4.586269089e+00
5.491273239e-01 4.231622729e-01 1.518626032e-01 0.000000000e+00 4.828659010e+00
5.020054526e-01 5.718540602e+00 4.728698860e-01 0.000000000e+00 4.714434660e+00
7.402791727e-01 3.170237376e+00 4.073213561e-01 0.000000000e+00 6.196524246e+00
-8.705535135e-01 2.018711783e+00 2.794256722e-01 0.000000000e+00 5.344392242e+00
-1.029712180e+00 1.130535981e+00 1.789747514e-01 0.000000000e+00 4.940440677e+00
1.163103014e+00 6.109998199e+00 2.129947264e-01 0.000000000e+00 4.351298918e+00
-1.381164615e+00 3.780730481e+00 3.281837609e-01 0.000000000e+00 3.675830261e+00
5.767831745e-01 3.883204070e+00 6.582998029e-02 0.000000000e+00 3.708811378e+00
5.376873801e-01 4.326629430e+00 4.036614289e-01 0.000000000e+00 3.999674442e+00
3.485964607e-01 5.370712028e-01 1.482087026e-01 0.000000000e+00 3.565240392e+00
-1.381168838e+00 4.781727239e+00 1.152079241e-01 0.000000000e+00 6.015469395e+00
1.500195519e+00 2.033775013e+00 3.825271063e-01 0.000000000e+00 3.551085198e+00
-1.916918920e-01 3.999589257e+00 2.047673619e-01 0.000000000e+00 5.980710191e+00
1.023483676e-01 8.270324914e-01 1.776347631e-01 0.000000000e+00 3.343453185e+00
-1.560164617e+00 4.850424536e+00 2.898033715e-02 0.000000000e+00 4.406591975e+00
-7.810212888e-01 6.060160250e+00 2.729675952e-01 0.000000000e+00 3.764560021e+00
1.125659974e+00 2.876145912e+00 7.811007649e-02 0.000000000e+00 5.396642385e+00
-2.345631772e-01 3.989841134e+00 2.834103111e-01 0.000000000e+00 4.279644115e+00
7.404716413e-01 1.075469113e+00 4.494286140e-01 0.000000000e+00 6.088329101e+00
1.325215701e+00 5.240448882e+00 2.453281103e-01 0.000000000e+00 3.456159837e+00
-1.088091103e+00 3.282498748e+00 1.255295748e-01 0.000000000e+00 4.478355005e+00
1.545693981e+00 3.630855048e+00 3.775054681e-02 0.000000000e+00 4.910898009e+00
-9.974782019e-01 1.509315861e+00 2.601901740e-01 0.000000000e+00 5.394794907e+00
1.381954513e+00 1.649508253e+00 2.490208553e-01 0.000000000e+00 3.737047768e+00
-1.297187206e+00 8.985412108e-01 1.566868869e-01 0.000000000e+00 3.231623081e+00
-9.981835467e-02 3.393663368e+00 1.928427107e-01 0.000000000e+00 5.303235969e+00
1.033026088e+00 4.142258486e+00 1.625488886e-01 0.000000000e+00 4.060108261e+00
-6.874958943e-01 3.443138459e+00 7.500660233e-02 0.000000000e+00 3.524626176e+00
1.158947345e+00 4.348520291e+00 8.393759706e-02 0.000000000e+00 5.133130680e+00
1.495948043e+00 5.402619388e+00 2.337394320e-01 0.000000000e+00 5.194671093e+00
1.072980884e+00 4.337609977e+00 1.414059459e-01 0.000000000e+00 5.927348592e+00
-1.605368950e-01 3.251949940e+00 2.529687815e-01 0.000000000e+00 6.088879725e+00
-4.066035305e-01 5.049500838e+00 3.312385641e-01 0.000000000e+00 3.229356747e+00
-5.441796778e-02 1.343531067e-01 4.973015367e-01 0.000000000e+00 4.319389066e+00
-1.280549943e+00 1.955146095e+00 3.468092658e-01 0.000000000e+00 3.344597695e+00
-8.582150501e-01 5.983326638e+00 3.171149485e-02 0.000000000e+00 3.454478239e+00
1.148179834e-01 3.740435200e+00 4.627956639e-01 0.000000000e+00 5.840841443e+00
7.323473847e-01 5.184138006e+00 4.882065912e-01 0.000000000e+00 4.170520837e+00
-1.604201228e-01 2.887414055e+00 2.456989084e-01 0.000000000e+00 4.330967393e+00
-6.107275833e-01 6.086336744e+00 3.097698393e-01 0.000000000e+00 6.267296564e+00
1.404709154e+00 5.406308056e+00 1.030275393e-01 0.000000000e+00 5.749691602e+00
7.882462462e-01 1.249207524e+00 4.641198492e-02 0.000000000e+00 5.497642641e+00
-8.776783600e-02 1.624347999e+00 4.384206769e-01 0.000000000e+00 4.911449643e+00
-1.341537381e-01 2.124103189e+00 6.898048889e-02 0.000000000e+00 5.830396729e+00
7.735007022e-01 3.992925222e+00 2.048620306e-01 0.000000000e+00 6.104534258e+00
1.115955616e+00 2.243714580e+00 1.743371726e-01 0.000000000e+00 5.590855067e+00
-6.484051075e-01 2.264606421e+00 1.033836795e-01 0.000000000e+00 5.386427550e+00
7.326075279e-01 9.049668536e-01 1.857331831e-01 0.000000000e+00 4.674684726e+00
9.697284060e-01 1.741255571e+00 2.593549307e-01 0.000000000e+00 5.402495605e+00
1.215453099e+00 1.027379172e+00 3.787147631e-01 0.000000000e+00 3.802865392e+00
-1.492023717e+00 2.685745108e+00 3.945093724e-01 0.000000000e+00 3.226887298e+00
3.940526575e-02 3.786093757e+00 3.951616691e-01 0.000000000e+00 3.393118598e+00
3.541470364e-01 2.852626650e+00 4.206084269e-01 0.000000000e+00 3.347614358e+00
-6.897042919e-01 5.482145068e+00 3.814354466e-01 0.000000000e+00 4.341617761e+00
-1.503063786e-01 6.109524607e+00 3.673162194e-01 0.000000000e+00 3.287253113e+00
9.803421950e-02 5.252410985e+00 1.939735746e-01 0.000000000e+00 5.186840367e+00
1.534312529e+00 2.633215780e+00 2.281183481e-01 0.000000000e+00 3.390457041e+00
-1.551228550e+00 2.295413142e+00 3.125767407e-01 0.000000000e+00 5.595200403e+00
-9.379547833e-01 4.031115780e+00 1.658034903e-01 0.000000000e+00 5.618127972e+00
-7.634099995e-01 3.953163195e+00 3.004066123e-01 0.000000000e+00 5.338084628e+00
-5.000612054e-01 3.989439419e+00 3.903368876e-01 0.000000000e+00 5.025803477e+00
-1.403573838e+00 1.859311526e+00 3.862925045e-01 0.000000000e+00 4.958957422e+00
-5.448072845e-01 2.132313665e+00 2.886135751e-02 0.000000000e+00 5.204971353e+00
-9.471552294e-01 5.181460039e+00 4.475872006e-01 0.000000000e+00 6.085164255e+00
1.033734815e+00 4.332249609e+00 4.513752385e-02 0.000000000e+00 5.327964628e+00
4.305619139e-01 1.280155295e+00 1.732237401e-01 0.000000000e+00 4.842025971e+00
-1.301716090e+00 4.883705885e+00 1.716909109e-01 0.000000000e+00 3.199060200e+00
-8.786962269e-01 3.299487536e+00 3.752382939e-01 0.000000000e+00 4.342935026e+00
5.688926577e-01 4.694281534e+00 3.440761778e-01 0.000000000e+00 5.994440180e+00
-1.147952319e+00 2.869410918e+00 7.079503715e-02 0.000000000e+00 5.664830516e+00
1.433452989e+00 1.387417097e+00 1.414564016e-02 0.000000000e+00 4.398128114e+00
-1.141314711e+00 4.307981043e+00 3.896165679e-03 0.000000000e+00 3.414826852e+00
9.347847164e-01 5.227070312e+00 3.040795969e-01 0.000000000e+00 4.738087108e+00
-5.358339286e-03 3.350209812e+00 4.943584793e-01 0.000000000e+00 3.997852685e+00
-6.132177360e-01 5.568417641e+00 8.098600491e-02 0.000000000e+00 4.584160249e+00
-8.345929961e-01 6.160372432e+00 4.585507517e-01 0.000000000e+00 6.074010727e+00
1.234045642e+00 3.981225548e+00 4.194222260e-01 0.000000000e+00 4.348350921e+00
-3.845353776e-01 5.119034197e+00 1.558718869e-01 0.000000000e+00 4.912342602e+00
-1.330275282e+00 5.478544889e+00 3.490791552e-01 0.000000000e+00 3.964646341e+00
-1.463846477e+00 5.867729550e+00 3.260834801e-01 0.000000000e+00 5.414574769e+00
-1.205341682e-01 3.245123256e+00 2.615788247e-01 0.000000000e+00 5.719300390e+00
1.173807237e+00 5.444216765e+00 2.086698717e-01 0.000000000e+00 6.047464344e+00
-4.690861982e-01 2.017115651e+00 1.774502385e-01 0.000000000e+00 3.619936912e+00
1.015854532e+00 9.458391104e-01 2.339614178e-03 0.000000000e+00 4.170664862e+00
1.404205094e+00 5.474462396e+00 2.865626005e-01 0.000000000e+00 4.983282355e+00
-1.359492171e+00 2.492113393e+00 1.303994313e-02 0.000000000e+00 4.697509285e+00
-6.347821155e-01 2.774780025e+00 1.949062651e-01 0.000000000e+00 3.650891515e+00
3.741655914e-01 2.102188707e+00 1.185436850e-01 0.000000000e+00 4.854277339e+00
-6.224816710e-01 5.687696276e+00 9.525749675e-02 0.000000000e+00 4.570662070e+00
-1.020982143e+00 1.868757959e-01 4.425434262e-01 0.000000000e+00 4.812207257e+00
-1.411368702e-02 3.184773620e+00 3.846909166e-02 0.000000000e+00 5.614284695e+00
8.181910568e-01 3.143588016e+00 2.541431426e-01 0.000000000e+00 4.108331830e+00
5.880013520e-01 6.161952114e+00 2.556228661e-01 0.000000000e+00 4.979415052e+00
-7.907939924e-01 5.695090880e+00 2.159312799e-01 0.000000000e+00 4.524476860e+00
3.832263064e-01 4.761841927e+00 5.604246332e-02 0.000000000e+00 4.963882535e+00
-5.788411310e-01 1.833880909e+00 4.934488005e-01 0.000000000e+00 4.135995559e+00
-6.995404500e-01 4.752656094e+00 1.554527331e-01 0.000000000e+00 4.422918874e+00
1.349776762e+00 2.717915722e+00 4.390799777e-01 0.000000000e+00 3.565603145e+00
-6.920708550e-01 1.836750084e+00 3.501738185e-01 0.000000000e+00 5.365029775e+00
1.409341949e+00 3.799369376e+00 2.690250343e-01 0.000000000e+00 4.450272492e+00
-9.356655169e-01 5.617381276e+00 3.456938103e-01 0.000000000e+00 4.256812982e+00
2.056022220e-01 3.301347635e+00 1.197747161e-01 0.000000000e+00 3.631271120e+00
-3.758481705e-01 5.110924735e+00 2.648411782e-01 0.000000000e+00 6.240027958e+00
9.674551235e-01 3.305383011e+00 4.636412079e-01 0.000000000e+00 3.942331885e+00
-1.169481483e+00 1.573769771e+00 4.980080148e-01 0.000000000e+00 3.216922950e+00
1.417206191e+00 5.057315604e+00 2.308838513e-01 0.000000000e+00 4.273760569e+00
7.185179018e-01 5.977910801e+00 3.656771751e-01 0.000000000e+00 5.844848540e+00
-1.018788707e+00 3.259256286e+00 9.710257996e-02 0.000000000e+00 4.972720235e+00
6.052635538e-01 1.338950849e-01 1.075014642e-01 0.000000000e+00 5.801834861e+00
-1.278504305e+00 3.705102586e+00 1.273656402e-01 0.000000000e+00 5.058414970e+00
1.771009316e-01 1.118662085e-01 3.778820811e-01 0.000000000e+00 5.105561642e+00
-1.248168417e+00 2.943648390e-01 4.990029901e-01 0.000000000e+00 4.331559035e+00
-1.432803222e+00 4.297273412e+00 1.442776059e-01 0.000000000e+00 5.076388983e+00
-3.369518090e-01 2.164941711e+00 3.824768052e-01 0.000000000e+00 4.142142298e+00
5.999097524e-01 2.184065599e+00 3.299087237e-01 0.000000000e+00 3.394227465e+00
7.127091344e-01 3.985165953e+00 3.581466380e-01 0.000000000e+00 5.536516689e+00
5.307592194e-01 4.283528515e-01 4.483451901e-01 0.000000000e+00 5.355628065e+00
2.874818637e-01 6.260440039e+00 4.540866012e-01 0.000000000e+00 4.487140804e+00
1.190061732e+00 1.002236915e+00 2.122874151e-03 0.000000000e+00 3.458324419e+00
1.182450303e-01 4.866336348e+00 4.103444876e-01 0.000000000e+00 5.566036227e+00
-1.262837671e+00 5.670464672e+00 4.144393680e-01 0.000000000e+00 3.611120328e+00
-1.126331114e+00 4.159748973e+00 4.019231486e-01 0.000000000e+00 3.715103568e+00
1.451559480e+00 4.073025109e+00 4.999136471e-01 0.000000000e+00 5.112728719e+00
9.360462593e-01 5.658441167e+00 9.615188636e-02 0.000000000e+00 4.338799594e+00
-1.548793156e+00 8.663094861e-01 4.670276201e-01 0.000000000e+00 4.608200287e+00
1.399848247e+00 4.181722585e+00 1.772096223e-01 0.000000000e+00 5.792733376e+00
4.880269186e-01 2.516713081e+00 3.760985085e-01 0.000000000e+00 5.558508620e+00
1.289549547e+00 4.729232336e+00 4.361037284e-01 0.000000000e+00 5.972101606e+00
-1.090884168e+00 3.404838132e+00 3.163683929e-01 0.000000000e+00 6.003742034e+00
2.783054819e-01 3.381104494e+00 4.790681577e-01 0.000000000e+00 4.670834965e+00
1.182398279e-02 5.701741019e+00 6.093758333e-02 0.000000000e+00 5.260431805e+00
-1.024239797e+00 1.358547006e+00 4.789364683e-01 0.000000000e+00 4.120908390e+00
-1.372650063e+00 5.067628588e+00 4.169645381e-01 0.000000000e+00 3.221925325e+00
5.166817672e-01 9.065555539e-01 1.645560568e-01 0.000000000e+00 5.122816270e+00
-1.469817496e+00 3.729383948e+00 1.805563890e-01 0.000000000e+00 4.155262952e+00
-8.221914156e-01 1.611987927e+00 4.255139011e-02 0.000000000e+00 3.417832200e+00
4.844911216e-02 1.241090825e+00 3.802337838e-01 0.000000000e+00 4.629496933e+00
3.214035535e-01 6.263892841e+00 4.791802031e-01 0.000000000e+00 4.851401304e+00
-6.815070705e-01 3.429030862e+00 1.860876050e-01 0.000000000e+00 4.057074188e+00
1.077428210e+00 5.480894540e+00 3.469113933e-01 0.000000000e+00 3.311306786e+00
1.239375504e+00 4.578705689e+00 2.737556089e-01 0.000000000e+00 4.561423183e+00
7.008204542e-01 4.764129410e+00 3.544420715e-01 0.000000000e+00 3.251229204e+00
1.339340044e+00 4.142455537e+00 1.512323144e-01 0.000000000e+00 5.168642003e+00
-1.384748683e+00 2.492284996e+00 1.752669151e-01 0.000000000e+00 3.651751429e+00
-1.412536965e+00 1.717091832e+00 1.701410499e-01 0.000000000e+00 4.980730385e+00
-1.181016416e+00 2.687915147e+00 4.208542539e-01 0.000000000e+00 5.534626834e+00
-1.186667414e+00 3.660337465e+00 2.796572914e-01 0.000000000e+00 3.650612124e+00
9.781146574e-02 5.406326966e+00 3.590882886e-01 0.000000000e+00 3.906336912e+00
1.297253452e+00 5.523788677e+00 3.775542404e-01 0.000000000e+00 4.333688499e+00
-9.970527713e-01 2.565263032e+00 1.855808240e-01 0.000000000e+00 3.995408744e+00
1.543305951e+00 1.580061420e-01 7.094271707e-02 0.000000000e+00 4.568477310e+00
1.192901354e+00 2.631910312e+00 3.247706426e-01 0.000000000e+00 3.771687441e+00
-5.559193088e-01 3.421572803e+00 3.391565674e-01 0.000000000e+00 4.233165805e+00
-9.692686842e-01 3.196471097e+00 3.719548075e-01 0.000000000e+00 3.569533588e+00
-9.839396195e-03 6.654559499e-01 3.935716776e-01 0.000000000e+00 5.551277953e+00
-5.827672929e-01 5.453892950e+00 3.005159707e-01 0.000000000e+00 5.587365134e+00
-1.474843372e+00 4.201206732e+00 2.009379513e-01 0.000000000e+00 4.389670686e+00
-1.279162132e+00 5.705868802e+00 2.127547352e-02 0.000000000e+00 3.207505396e+00
2.795238955e-01 3.521949365e+00 1.185150264e-02 0.000000000e+00 4.725808752e+00
4.208805197e-01 4.843034331e+00 6.211901658e-02 0.000000000e+00 3.611632428e+00
1.464321681e+00 9.181845690e-01 1.321083118e-01 0.000000000e+00 5.002014143e+00
-1.523277791e+00 2.298732365e+00 3.615596143e-01 0.000000000e+00 6.053853184e+00
7.321223508e-01 4.522429033e-01 2.971245162e-01 0.000000000e+00 4.838033548e+00
4.171893660e-01 3.652878481e+00 2.009401441e-01 0.000000000e+00 6.067491841e+00
5.290652181e-03 3.959410218e+00 2.082182834e-01 0.000000000e+00 5.485799606e+00
-1.190259221e+00 2.117076473e+00 4.924845162e-02 0.000000000e+00 3.421196302e+00
1.123932812e+00 2.328819957e+00 1.236752641e-01 0.000000000e+00 3.917159043e+00
6.355701472e-01 2.683330529e+00 3.802495122e-01 0.000000000e+00 4.423988692e+00
2.154480499e-01 1.428718588e+00 2.291007224e-01 0.000000000e+00 5.448944564e+00
1.510651524e+00 4.889157843e+00 3.598454736e-01 0.000000000e+00 4.827384548e+00
-1.286292518e+00 3.172009159e+00 2.897878793e-01 0.000000000e+00 5.259646596e+00
7.130304810e-01 1.919921804e+00 2.169057177e-01 0.000000000e+00 3.912494844e+00
-3.569017639e-02 5.028255912e+00 4.980199036e-03 0.000000000e+00 5.846922408e+00
-6.892326942e-01 5.700728923e+00 3.032753459e-01 0.000000000e+00 3.210883174e+00
1.209937038e+00 4.382841715e+00 1.691876209e-01 0.000000000e+00 4.833093685e+00
9.662664746e-01 2.252789786e+00 2.725046350e-01 0.000000000e+00 5.164310363e+00
-1.901296183e-01 3.869308537e+00 4.040549178e-01 0.000000000e+00 5.580413271e+00
4.447751007e-01 2.271351649e+00 3.832840149e-01 0.000000000e+00 4.048382910e+00
4.114626506e-01 3.963727297e+00 2.936619584e-01 0.000000000e+00 5.250094333e+00
-1.543508686e+00 1.712346915e+00 1.506251010e-01 0.000000000e+00 4.111782181e+00
-8.739927889e-01 1.159577899e+00 1.198071054e-01 0.000000000e+00 3.404193017e+00
-8.889566598e-01 3.617337868e+00 4.886601641e-01 0.000000000e+00 4.215496871e+00
-8.783552528e-01 2.460672095e+00 5.146240375e-02 0.000000000e+00 5.554452926e+00
7.571708511e-01 6.588457457e-01 1.419965853e-01 0.000000000e+00 4.332713990e+00
1.386479590e+00 2.324783168e+00 2.247830636e-01 0.000000000e+00 4.685448654e+00
-7.333868800e-01 3.997735891e+00 1.872506895e-01 0.000000000e+00 4.472005853e+00
7.764381885e-01 5.569310463e+00 3.699770992e-01 0.000000000e+00 4.303029453e+00
-1.563496819e+00 5.736519295e+00 1.302936692e-01 0.000000000e+00 3.337773213e+00
9.713788466e-01 5.414559244e+00 4.262529232e-01 0.000000000e+00 4.233810378e+00
9.633799215e-01 6.144529678e+00 5.010483565e-02 0.000000000e+00 3.339242553e+00
-1.398767427e+00 1.892132506e+00 2.337544735e-01 0.000000000e+00 4.114488255e+00
-1.259340072e+00 5.947686497e+00 7.727990442e-02 0.000000000e+00 3.281592969e+00
1.671314270e-01 2.973990308e+00 2.259821229e-01 0.000000000e+00 4.263237154e+00
8.255391349e-01 2.305712721e+00 3.430350049e-01 0.000000000e+00 3.923422145e+00
7.251240827e-01 2.378794112e+00 4.365717234e-01 0.000000000e+00 5.280427916e+00
5.729590787e-01 6.081201870e+00 2.683658470e-01 0.000000000e+00 5.445400051e+00
8.245367098e-01 6.229952148e+00 2.958188251e-01 0.000000000e+00 4.048956993e+00
3.121553315e-01 6.094941223e+00 5.512996905e-02 0.000000000e+00 3.939846555e+00
-8.306010490e-01 4.949562155e+00 3.982201548e-01 0.000000000e+00 4.089436693e+00
-1.481887544e+00 1.257268062e-01 1.774426013e-01 0.000000000e+00 4.558740829e+00
1.292662132e+00 1.771897735e+00 2.953105554e-01 0.000000000e+00 3.756248050e+00
-2.697869172e-01 3.150421808e+00 4.282669732e-01 0.000000000e+00 4.169078995e+00
7.016772127e-01 2.255813558e+00 4.077512284e-01 0.000000000e+00 5.421511778e+00
-7.349142568e-01 1.759130683e+00 1.354111202e-01 0.000000000e+00 6.151893500e+00
1.508360473e+00 5.903523915e+00 2.878635885e-01 0.000000000e+00 3.631574549e+00
-1.010797392e+00 2.673824441e+00 2.393228181e-01 0.000000000e+00 4.872326684e+00
-1.422676166e+00 2.094662374e+00 2.417531545e-01 0.000000000e+00 3.488710330e+00
-1.847636151e-02 4.083765848e+00 3.142007668e-02 0.000000000e+00 3.299366135e+00
-4.065385715e-01 2.130556375e+00 3.986048247e-01 0.000000000e+00 5.752374020e+00
4.885031646e-01 5.716697395e+00 4.390124293e-01 0.000000000e+00 5.569220934e+00
-1.569855156e+00 4.029343111e+00 2.376754385e-01 0.000000000e+00 5.051205588e+00
-1.120933763e+00 2.186440262e+00 3.102597280e-02 0.000000000e+00 4.695701290e+00
1.127184263e+00 4.769250124e-01 1.323908464e-01 0.000000000e+00 4.704515654e+00
5.740233051e-01 7.879368628e-01 8.413510011e-02 0.000000000e+00 4.130559793e+00
-5.274154185e-01 4.048595641e+00 4.151255932e-01 0.000000000e+00 5.361239600e+00
-1.492077135e+00 5.102842533e+00 3.180236689e-01 0.000000000e+00 3.630648547e+00
-1.437482842e+00 2.998785356e+00 2.144887483e-01 0.000000000e+00 3.600590589e+00
-3.467109094e-01 4.064337136e-01 7.741526055e-02 0.000000000e+00 5.975173160e+00
1.391055523e+00 3.287569076e+00 3.188619803e-02 0.000000000e+00 4.240849294e+00
1.314441899e+00 1.690040439e+00 2.456291850e-01 0.000000000e+00 3.218768035e+00
-5.817573221e-01 2.564905406e+00 3.912552011e-01 0.000000000e+00 6.170261543e+00
-4.012261881e-01 3.643679669e+00 9.799764184e-03 0.000000000e+00 5.484684853e+00
-7.324058069e-01 1.525214257e+00 3.728152595e-01 0.000000000e+00 5.312317321e+00
-1.124515783e+00 7.961854273e-01 3.045172592e-01 0.000000000e+00 5.312978749e+00
2.873681590e-01 2.003412991e+00 2.780181740e-01 0.000000000e+00 5.849360423e+00
-1.159300106e-01 3.461680448e+00 1.241244401e-01 0.000000000e+00 3.185446200e+00
1.052937229e+00 4.077493931e+00 4.937717787e-01 0.000000000e+00 4.801299015e+00
-1.433740052e-02 4.365722575e+00 3.518012993e-01 0.000000000e+00 5.595135571e+00
-1.514376397e+00 5.492260332e+00 3.162683852e-01 0.000000000e+00 4.209862556e+00
-1.950106150e-01 2.368891435e-01 3.888923027e-01 0.000000000e+00 5.193552326e+00
-1.149119384e+00 4.192232396e+00 3.014987925e-01 0.000000000e+00 4.796397920e+00
-5.262609550e-01 5.910486100e+00 4.090282045e-01 0.000000000e+00 4.983759672e+00
4.090478553e-03 4.431468444e+00 2.176106845e-02 0.000000000e+00 3.401542990e+00
1.361777530e-01 2.908102871e+00 1.469314653e-01 0.000000000e+00 3.795901611e+00
6.118255490e-01 5.631737091e-01 2.835356164e-01 0.000000000e+00 3.835318549e+00
1.457574641e+00 4.834099813e+00 2.260116015e-01 0.000000000e+00 5.498056196e+00
-3.928088913e-01 4.232127104e+00 3.827155061e-01 0.000000000e+00 6.230683063e+00
8.017920922e-01 1.869260830e+00 1.926644244e-01 0.000000000e+00 3.188664841e+00
8.942638056e-02 1.837215430e+00 3.098111568e-01 0.000000000e+00 5.879190503e+00
1.144942790e+00 2.201239955e+00 3.693839723e-01 0.000000000e+00 4.052387511e+00
1.910658501e-01 6.027515567e+00 2.229130499e-01 0.000000000e+00 5.133072592e+00
-3.700884012e-01 1.384486797e+00 2.389392845e-01 0.000000000e+00 5.612242717e+00
-1.196687324e-04 3.344724725e+00 1.071850391e-02 0.000000000e+00 4.325343138e+00
9.337690738e-02 4.757530036e+00 3.228706772e-01 0.000000000e+00 5.247378603e+00
1.524852955e+00 4.671124931e+00 3.106547457e-01 0.000000000e+00 4.189167105e+00
-1.377576483e+00 3.011634677e+00 2.351115745e-01 0.000000000e+00 4.854404811e+00
-1.429180749e+00 1.987421578e+00 3.631705703e-02 0.000000000e+00 3.688246351e+00
-9.598201551e-01 2.359919077e+00 1.721382367e-01 0.000000000e+00 5.715325209e+00
-1.557726357e+00 1.728984572e+00 4.102277592e-01 0.000000000e+00 4.175912976e+00
-1.237752910e+00 4.719550798e+00 3.054633746e-01 0.000000000e+00 3.862497986e+00
-3.314655143e-01 1.060268872e+00 2.833602887e-01 0.000000000e+00 4.569636513e+00
-9.268310664e-01 5.724166943e+00 1.714485968e-01 0.000000000e+00 5.461348842e+00
-5.662874150e-02 7.213156015e-01 6.877239076e-02 0.000000000e+00 5.015980501e+00
1.084556455e+00 4.619736508e+00 3.726608776e-01 0.000000000e+00 4.083644781e+00
4.347902035e-01 1.133930148e+00 2.655688955e-01 0.000000000e+00 4.691124581e+00
8.397371095e-01 2.554779470e+00 3.318360059e-01 0.000000000e+00 6.238076476e+00
1.037920269e+00 6.069961175e-01 4.813859115e-01 0.000000000e+00 5.414159261e+00
-1.171409992e+00 2.108980268e+00 3.891435897e-01 0.000000000e+00 3.577195618e+00
-1.431001050e+00 5.546157432e+00 3.086178003e-01 0.000000000e+00 3.672481396e+00
-1.626610318e-01 1.599848013e+00 9.859838631e-02 0.000000000e+00 3.722198244e+00
-1.050155556e-01 2.198463456e+00 1.293877599e-01 0.000000000e+00 4.571306602e+00
1.445239908e+00 3.880687773e+00 1.754804741e-01 0.000000000e+00 5.013210981e+00
-7.604898585e-01 5.090972060e+00 4.617806769e-01 0.000000000e+00 4.386227575e+00
-1.754922365e-01 3.556567957e+00 2.313287920e-01 0.000000000e+00 4.444234438e+00
1.852863110e-01 2.895791524e+00 1.630567538e-01 0.000000000e+00 4.028715306e+00
1.098964910e+00 1.081259427e+00 2.891004735e-01 0.000000000e+00 4.946525225e+00
-1.176467152e+00 3.991113769e+00 6.705000558e-02 0.000000000e+00 5.667538029e+00
1.345494328e+00 2.185101894e+00 1.405658348e-02 0.000000000e+00 4.466695367e+00
2.502863753e-01 9.395827006e-01 2.021898526e-01 0.000000000e+00 4.800996014e+00
-1.176450902e-01 1.145226335e+00 4.284967925e-01 0.000000000e+00 5.984546577e+00
-1.777436688e-01 1.513155603e+00 2.636905432e-01 0.000000000e+00 4.655623329e+00
-1.413342113e+00 6.231201347e+00 3.078723145e-01 0.000000000e+00 4.037904937e+00
-7.064180619e-01 3.191274713e+00 5.468010441e-02 0.000000000e+00 4.890244435e+00
3.765776442e-01 2.975082457e+00 8.981625444e-02 0.000000000e+00 3.753809795e+00
1.315698237e+00 1.836285009e+00 4.472842876e-01 0.000000000e+00 4.897957581e+00
1.320942947e+00 2.840277800e+00 4.466064981e-01 0.000000000e+00 3.144692007e+00
-7.659604113e-01 6.437210084e-01 2.532841520e-01 0.000000000e+00 6.231394526e+00
1.134994743e-01 1.715215680e+00 4.994830102e-01 0.000000000e+00 4.791950706e+00
-6.093981741e-01 9.753231831e-01 3.036037106e-01 0.000000000e+00 4.394358105e+00
-4.149456704e-01 1.566378280e+00 1.071663039e-01 0.000000000e+00 5.415312021e+00
-4.675549351e-01 1.449517991e+00 4.819560239e-02 0.000000000e+00 5.795198068e+00
-2.109837220e-01 3.357768629e+00 4.312130367e-01 0.000000000e+00 5.639969299e+00
-1.559757038e+00 2.142823857e+00 7.279895318e-02 0.000000000e+00 6.131163038e+00
-1.417120367e-01 5.805442922e+00 2.425637606e-01 0.000000000e+00 5.284788122e+00
-5.841687606e-01 2.290955226e+00 1.660038112e-02 0.000000000e+00 5.170350924e+00
-7.421402595e-01 1.729389367e+00 3.754170004e-01 0.000000000e+00 3.973969172e+00
2.273769287e-01 3.734003836e+00 1.886435508e-01 0.000000000e+00 5.385033956e+00
-2.820141588e-02 5.160784163e+00 4.938694159e-01 0.000000000e+00 6.193718625e+00
6.898230213e-01 6.099787737e+00 1.611266690e-01 0.000000000e+00 5.603613301e+00
-1.137106701e-01 5.265920415e+00 1.468076709e-01 0.000000000e+00 6.250892699e+00
1.102496270e+00 3.974070106e+00 1.324660289e-01 0.000000000e+00 5.338299059e+00
9.053645881e-01 2.042395398e+00 6.133085806e-03 0.000000000e+00 6.087113655e+00
1.288883847e-01 3.876274285e+00 1.507323673e-01 0.000000000e+00 4.040481404e+00
1.401335863e+00 5.336843963e+00 4.940709272e-01 0.000000000e+00 5.645247048e+00
4.596520562e-01 1.410635670e+00 3.336460179e-01 0.000000000e+00 4.821771063e+00
-2.467911004e-01 5.446548289e+00 2.744425924e-01 0.000000000e+00 4.735980910e+00
-8.593166720e-01 4.118428773e+00 2.048344859e-01 0.000000000e+00 3.956957779e+00
-1.059884269e+00 6.928883421e-01 2.124020210e-01 0.000000000e+00 3.968330953e+00
-4.560781264e-01 4.891945224e+00 1.559718556e-01 0.000000000e+00 4.406073466e+00
-7.986626362e-01 1.782658658e+00 2.129294818e-01 0.000000000e+00 3.615516941e+00
-1.009123842e-01 6.050593131e+00 2.516089095e-01 0.000000000e+00 3.685971845e+00
8.681323445e-01 3.998610582e+00 1.740887205e-01 0.000000000e+00 3.570923306e+00
-1.448561328e+00 1.481601347e+00 2.731933383e-02 0.000000000e+00 5.529112444e+00
8.856064221e-01 5.842144594e+00 2.748238932e-01 0.000000000e+00 6.002216644e+00
-1.042058293e+00 2.668792428e+00 3.160377796e-01 0.000000000e+00 3.555854939e+00
2.789765455e-01 1.337848547e-01 4.934990442e-01 0.000000000e+00 5.951568300e+00
-1.556155191e+00 6.102348119e+00 1.259079444e-01 0.000000000e+00 5.047924183e+00
1.046088243e+00 3.628335681e+00 1.613327948e-01 0.000000000e+00 3.414239939e+00
6.830739458e-01 1.908772230e+00 6.102965440e-03 0.000000000e+00 4.443173565e+00
-1.009721848e+00 3.114662117e+00 3.260477660e-01 0.000000000e+00 5.730159881e+00
1.315325351e+00 4.334051682e+00 4.569456850e-01 0.000000000e+00 3.419641528e+00
-4.630328474e-01 3.596774437e+00 4.195742066e-01 0.000000000e+00 5.261117609e+00
3.528750372e-01 1.069804043e-01 7.954652430e-02 0.000000000e+00 4.195299025e+00
-8.910026075e-01 3.956213759e+00 3.605377203e-01 0.000000000e+00 4.943120753e+00
-4.509767924e-03 5.802776189e+00 3.726392433e-01 0.000000000e+00 3.816715298e+00
5.755893896e-01 5.285437658e+00 1.546904690e-01 0.000000000e+00 5.901765440e+00
-9.491450939e-01 2.098501301e-01 3.356467067e-01 0.000000000e+00 5.613384318e+00
-5.462676361e-01 5.763710522e+00 3.971232008e-01 0.000000000e+00 4.170787686e+00
-2.084942445e-01 2.470486229e+00 2.645254223e-01 0.000000000e+00 5.008650915e+00
1.730188485e-01 1.006170698e+00 2.887307399e-01 0.000000000e+00 4.856819223e+00
-6.555593785e-01 5.123532535e+00 4.114419162e-01 0.000000000e+00 3.266641560e+00
-8.517701494e-02 3.482626583e+00 5.670851489e-03 0.000000000e+00 3.587065011e+00
-1.242975492e+00 6.061058364e+00 1.843627874e-01 0.000000000e+00 5.116700967e+00
-1.949699096e-01 1.393440102e+00 3.498135319e-01 0.000000000e+00 4.349845543e+00
-1.503495787e+00 3.684767030e+00 4.346754317e-01 0.000000000e+00 3.659131046e+00
-1.007841667e+00 2.943599258e+00 3.812538329e-01 0.000000000e+00 5.412193278e+00
1.297040418e+00 3.797466816e-01 1.128111621e-01 0.000000000e+00 6.026915601e+00
-9.205048836e-01 1.655247240e+00 2.151878781e-01 0.000000000e+00 5.493491925e+00
-4.266634748e-01 3.132505508e+00 2.756759678e-01 0.000000000e+00 4.756672853e+00
-1.001298866e+00 3.835556183e+00 4.092838542e-01 0.000000000e+00 5.632183273e+00
2.673261036e-01 3.276237627e+00 3.997367848e-01 0.000000000e+00 4.033833528e+00
2.769483668e-01 5.022631508e+00 3.458367574e-01 0.000000000e+00 4.062602327e+00
1.233991618e+00 2.940829331e-01 3.404519288e-01 0.000000000e+00 4.610377526e+00
7.313000388e-01 1.837485016e+00 3.158437992e-01 0.000000000e+00 4.175116945e+00
1.393003916e+00 1.399427718e+00 1.066184201e-01 0.000000000e+00 3.898682323e+00
-9.583785024e-01 6.154144312e+00 8.806669312e-03 0.000000000e+00 3.903856101e+00
-8.130102391e-01 5.149708896e+00 5.781845696e-02 0.000000000e+00 5.279594480e+00
1.149094076e+00 3.203463156e+00 1.387862022e-01 0.000000000e+00 6.090990252e+00
1.162089790e+00 3.207645403e-01 1.628368406e-01 0.000000000e+00 3.562895519e+00
-1.149811066e+00 2.436420904e+00 1.868172209e-01 0.000000000e+00 5.543880405e+00
-4.305355875e-01 4.937762784e+00 2.867695627e-01 0.000000000e+00 4.034399659e+00
-1.527285080e+00 2.195588877e+00 4.771727310e-01 0.000000000e+00 5.325809047e+00
-8.364618263e-01 4.333970209e+00 2.601769953e-01 0.000000000e+00 5.329394221e+00
-4.841076320e-01 1.204631890e+00 4.126357832e-01 0.000000000e+00 6.181883233e+00
-6.012585089e-01 2.517740793e+00 1.546646694e-01 0.000000000e+00 3.992045005e+00
-1.189336535e+00 4.759192310e+00 3.882134734e-01 0.000000000e+00 4.454831843e+00
1.423235289e+00 2.067866367e+00 4.974996590e-03 0.000000000e+00 5.581687057e+00
-4.464572904e-01 5.290638343e+00 1.274741970e-01 0.000000000e+00 4.121408229e+00
-8.626232014e-02 2.509557159e+00 4.589721238e-01 0.000000000e+00 5.641594102e+00
6.115454242e-01 4.465647774e-01 2.060485352e-01 0.000000000e+00 3.630401512e+00
9.899918919e-01 1.464262037e+00 4.569654859e-01 0.000000000e+00 6.109294020e+00
1.222987747e+00 5.076443108e+00 2.004728877e-01 0.000000000e+00 3.320568478e+00
2.750474483e-01 4.032804470e+00 3.107306091e-01 0.000000000e+00 3.244484809e+00
1.206046960e+00 1.583308671e+00 2.252757091e-02 0.000000000e+00 3.842941514e+00
1.695687810e-01 2.719992675e+00 3.493761051e-01 0.000000000e+00 3.751438847e+00
9.280485985e-01 2.050316441e+00 9.236568700e-02 0.000000000e+00 5.232991491e+00
-8.090862327e-01 2.949789319e+00 2.255702620e-01 0.000000000e+00 5.747078978e+00
7.833431577e-01 2.560828414e+00 1.370081298e-01 0.000000000e+00 4.075808999e+00
-7.565533004e-01 2.174088177e+00 2.955796433e-01 0.000000000e+00 5.563457239e+00
2.414460708e-01 5.019665187e+00 2.958060122e-02 0.000000000e+00 3.194481228e+00
1.368049681e+00 3.620360131e+00 3.955542669e-01 0.000000000e+00 3.880134147e+00
3.587884621e-01 1.265399622e+00 4.347825571e-01 0.000000000e+00 4.248310451e+00
-1.348363030e+00 5.518866168e-01 2.245362701e-01 0.000000000e+00 5.377469623e+00
1.234094032e+00 6.047269112e+00 3.605097567e-01 0.000000000e+00 4.310350167e+00
6.156782796e-02 4.466482825e+00 4.541587866e-01 0.000000000e+00 4.941744475e+00
-1.305887862e+00 4.499285870e+00 1.023966255e-01 0.000000000e+00 6.240192758e+00
-3.951870903e-01 4.410579737e+00 2.379967006e-01 0.000000000e+00 6.116430759e+00
7.307605677e-01 2.754060149e+00 4.034450405e-01 0.000000000e+00 3.755652764e+00
-1.278041606e+00 3.183035987e+00 2.171514779e-01 0.000000000e+00 6.004242423e+00
5.268532791e-01 3.945845986e+00 4.151489162e-01 0.000000000e+00 3.600200686e+00
1.558422321e+00 4.420904515e+00 9.949803323e-02 0.000000000e+00 5.816969709e+00
-9.759170082e-01 1.206878770e+00 1.597380541e-01 0.000000000e+00 6.268243174e+00
4.321564853e-01 3.343528341e+00 3.385654849e-01 0.000000000e+00 4.741899312e+00
1.330155313e+00 2.594222599e-01 3.181423021e-01 0.000000000e+00 5.421780062e+00
9.812073926e-01 2.731904505e+00 1.957103352e-01 0.000000000e+00 3.991110984e+00
-8.309800108e-01 3.423805982e-01 9.880766545e-02 0.000000000e+00 5.379168590e+00
5.021255675e-01 2.382771012e+00 4.349711932e-01 0.000000000e+00 3.438499715e+00
1.174707577e+00 4.829516527e+00 3.755594727e-01 0.000000000e+00 3.980610099e+00
5.639370147e-01 4.141002340e+00 3.381448877e-01 0.000000000e+00 4.478453018e+00
-1.026716309e+00 3.873175896e+00 1.951499839e-01 0.000000000e+00 3.366322026e+00
1.014835963e+00 2.231474046e+00 3.946725169e-01 0.000000000e+00 6.123678982e+00
1.075086701e+00 2.978089674e+00 2.940401617e-01 0.000000000e+00 4.817377503e+00
1.178245034e+00 1.334150828e+00 2.672435323e-01 0.000000000e+00 4.054803711e+00
-1.187142002e+00 1.398218822e+00 4.227121308e-01 0.000000000e+00 4.950575303e+00
-3.518903972e-01 1.122997509e+00 1.073112708e-01 0.000000000e+00 5.720726825e+00
7.997295289e-02 1.787627613e+00 4.557999750e-01 0.000000000e+00 5.182065330e+00
-1.172618526e+00 5.583414042e+00 4.994323140e-01 0.000000000e+00 3.313442322e+00
-3.298337656e-01 5.314927590e+00 4.909339774e-01 0.000000000e+00 5.895838224e+00
1.305042213e+00 5.842123166e+00 3.125115815e-01 0.000000000e+00 3.913729889e+00
8.014177761e-01 5.471171799e+00 4.402824194e-01 0.000000000e+00 3.593857149e+00
-1.372320661e+00 7.232545201e-01 3.258474386e-01 0.000000000e+00 6.068688308e+00
7.337877100e-01 4.917881539e+00 3.052862393e-01 0.000000000e+00 4.456867784e+00
1.067734687e-01 2.961313167e+00 2.028114291e-01 0.000000000e+00 4.219604455e+00
1.494695146e+00 4.678012249e+00 2.400862644e-01 0.000000000e+00 4.819608161e+00
5.931752219e-01 5.357810332e+00 3.813689507e-01 0.000000000e+00 6.025763898e+00
1.535429615e+00 4.525030714e+00 3.822961199e-01 0.000000000e+00 5.262024144e+00
-3.273128425e-01 4.507831416e+00 3.772210812e-01 0.000000000e+00 5.592357271e+00
8.893386963e-01 5.627879776e+00 4.564143653e-01 0.000000000e+00 4.597370191e+00
9.555410387e-01 1.512780015e+00 5.114900908e-02 0.000000000e+00 4.159243071e+00
-1.155431224e+00 2.111026566e+00 4.093608206e-01 0.000000000e+00 5.579170042e+00
-9.572770792e-01 5.852309246e+00 8.290969953e-02 0.000000000e+00 6.241428987e+00
1.663914863e-01 3.374129817e-01 1.940500530e-01 0.000000000e+00 4.569722662e+00
9.909057587e-01 3.187815840e+00 3.372104181e-01 0.000000000e+00 4.895295245e+00
-7.630769110e-01 5.966586550e+00 4.204503168e-01 0.000000000e+00 3.685855889e+00
-1.507868986e+00 3.084300455e+00 1.465690401e-01 0.000000000e+00 4.818346962e+00
-6.184773365e-01 1.504893046e+00 2.568675651e-01 0.000000000e+00 4.582031046e+00
-4.257786726e-01 5.853571836e+00 4.937250900e-01 0.000000000e+00 3.474056156e+00
3.421462441e-01 5.331440361e+00 3.069517896e-01 0.000000000e+00 4.892596533e+00
-9.803469670e-01 6.549494926e-01 1.421284068e-01 0.000000000e+00 6.145656482e+00
-7.548106320e-01 5.918528419e+00 2.799028571e-01 0.000000000e+00 6.173551234e+00
3.817905267e-01 2.547607263e-01 2.864304298e-01 0.000000000e+00 3.571192005e+00
-1.156015850e+00 3.429883821e+00 1.151994710e-01 0.000000000e+00 5.021783153e+00
-2.644195305e-01 3.184277921e+00 2.988494851e-01 0.000000000e+00 5.502230583e+00
-2.216163845e-01 5.360162948e+00 3.843610395e-01 0.000000000e+00 5.325320412e+00
-1.161971969e+00 5.297079030e+00 2.253670564e-01 0.000000000e+00 3.869070093e+00
-1.107994555e+00 4.113666397e+00 4.208341579e-02 0.000000000e+00 6.078384776e+00
-3.322777892e-01 3.101315262e+00 2.842981354e-01 0.000000000e+00 4.759337930e+00
7.503942363e-01 1.568440485e+00 1.617124913e-01 0.000000000e+00 6.026645239e+00
4.401166656e-01 2.369727997e+00 6.914110284e-02 0.000000000e+00 5.516690604e+00
9.156554261e-01 1.777566447e+00 4.647795918e-01 0.000000000e+00 4.526636908e+00
4.855370327e-01 3.587350700e+00 4.791952578e-01 0.000000000e+00 3.443486027e+00
-1.414593621e+00 2.760412879e+00 6.888017337e-02 0.000000000e+00 4.633266970e+00
9.478088162e-01 2.435076418e+00 2.416178105e-01 0.000000000e+00 4.581219972e+00
-6.359741376e-01 3.233920584e+00 2.888053323e-01 0.000000000e+00 5.160412734e+00
-2.676759230e-01 1.146195813e+00 1.707467740e-01 0.000000000e+00 5.266695166e+00
-8.659571148e-01 4.307477671e+00 3.940883427e-01 0.000000000e+00 4.673315167e+00
7.048897789e-01 3.544347804e+00 1.349457464e-01 0.000000000e+00 5.247030506e+00
9.477864910e-01 3.803684634e+00 9.469340249e-02 0.000000000e+00 5.664806511e+00
1.126960340e+00 2.324521110e+00 2.309667695e-01 0.000000000e+00 3.401963176e+00
-7.621486208e-01 2.086200119e+00 2.640175182e-01 0.000000000e+00 4.937918723e+00
3.555387062e-01 3.423105950e+00 3.991119324e-01 0.000000000e+00 4.072372528e+00
-5.489090212e-01 4.172402560e+00 4.425816006e-01 0.000000000e+00 4.186829355e+00
1.007576088e+00 6.054538660e+00 1.465729885e-01 0.000000000e+00 5.363304674e+00
-1.160662008e+00 4.573552426e+00 6.842407651e-02 0.000000000e+00 5.697096748e+00
8.854551645e-01 1.089528317e+00 9.010285061e-02 0.000000000e+00 4.794201918e+00
1.965048812e-01 2.398800732e+00 4.031646518e-01 0.000000000e+00 5.503610033e+00
-9.219238211e-01 3.367602617e+00 3.624343323e-02 0.000000000e+00 3.866307043e+00
-1.458503426e+00 7.217683026e-01 9.776718987e-02 0.000000000e+00 5.164419788e+00
-1.265821166e+00 1.441368222e-01 3.443303425e-01 0.000000000e+00 5.617841627e+00
1.178784965e+00 1.187308083e+00 2.003399407e-01 0.000000000e+00 5.873486702e+00
7.055352019e-01 3.089862903e+00 3.061964262e-01 0.000000000e+00 3.369064773e+00
8.076092208e-01 3.135744656e+00 3.188105191e-01 0.000000000e+00 5.832920409e+00
1.552443016e-01 3.225287699e+00 4.968546793e-01 0.000000000e+00 3.609082835e+00
-3.618737709e-01 9.107793619e-01 2.700364626e-01 0.000000000e+00 4.561842915e+00
-3.257768250e-01 4.603068259e+00 5.461226913e-02 0.000000000e+00 5.201556947e+00
-1.385701982e+00 3.714321456e+00 4.675245128e-01 0.000000000e+00 5.091034476e+00
3.320309485e-01 1.335089479e+00 2.518852863e-01 0.000000000e+00 5.612454071e+00
5.578403161e-01 4.482142577e+00 1.395708621e-01 0.000000000e+00 3.915632254e+00
-1.234405291e+00 5.085900000e+00 8.776466813e-03 0.000000000e+00 3.588016670e+00
1.024210392e+00 5.442481399e+00 1.885547188e-01 0.000000000e+00 3.254735810e+00
5.874335079e-01 5.661429533e+00 3.918104206e-01 0.000000000e+00 4.895558929e+00
1.404088907e+00 4.480119795e+00 2.166225734e-02 0.000000000e+00 4.063698446e+00
1.430749968e+00 5.008910382e+00 4.016957189e-02 0.000000000e+00 4.243610160e+00
1.055681602e+00 3.840863865e-01 3.066005376e-01 0.000000000e+00 3.322507927e+00
6.731019455e-03 4.647203277e+00 4.315534040e-01 0.000000000e+00 4.005780372e+00
-2.560719722e-01 2.877755453e+00 4.503217667e-01 0.000000000e+00 3.515314047e+00
-1.525800758e+00 1.124640764e+00 3.243261836e-01 0.000000000e+00 6.122046506e+00
-3.967811285e-01 2.767594816e+00 1.247245787e-01 0.000000000e+00 5.450651897e+00
-1.154742946e+00 3.400346840e+00 1.550239788e-01 0.000000000e+00 4.980163051e+00
-1.480346733e+00 4.176042554e+00 9.885475493e-02 0.000000000e+00 6.162919969e+00
3.715639259e-01 1.207320294e+00 3.584978236e-02 0.000000000e+00 6.020471398e+00
2.969433322e-01 2.109807373e-01 4.253527564e-01 0.000000000e+00 6.098202219e+00
7.100052288e-01 4.619554475e+00 7.926511877e-03 0.000000000e+00 5.031610786e+00
3.054171182e-01 6.160033408e+00 4.833115256e-01 0.000000000e+00 4.767664488e+00
1.435074610e-01 3.088545148e+00 2.142061602e-01 0.000000000e+00 5.853382005e+00
2.402771412e-01 4.377621891e+00 4.005727714e-01 0.000000000e+00 4.739532608e+00
-2.328309359e-01 3.786664557e+00 2.618555950e-01 0.000000000e+00 4.042627345e+00
1.071774552e+00 1.972421624e+00 1.166544008e-01 0.000000000e+00 5.810391422e+00
-1.351016322e+00 3.999365936e+00 5.730270397e-02 0.000000000e+00 4.012777139e+00
-1.450648671e+00 4.317559380e+00 3.831577223e-01 0.000000000e+00 5.488186605e+00
-1.491131305e+00 5.441257206e+00 2.397219881e-01 0.000000000e+00 5.211321607e+00
-1.078150772e-01 4.383578287e+00 2.068929190e-01 0.000000000e+00 3.359662235e+00
6.599954455e-01 2.693773058e+00 1.628933342e-01 0.000000000e+00 5.327339877e+00
8.530036934e-01 4.609193137e+00 2.833133665e-01 0.000000000e+00 5.305975085e+00
1.885542007e-01 2.005998200e-01 3.043309658e-01 0.000000000e+00 3.359715059e+00
9.993589674e-01 2.485779252e+00 3.719436417e-01 0.000000000e+00 5.276114210e+00
9.899703221e-01 1.717990009e-01 1.017538397e-01 0.000000000e+00 3.140393290e+00
-9.429815967e-01 5.978455775e-01 2.195857842e-01 0.000000000e+00 6.243988256e+00
-8.901452615e-01 2.267352795e+00 2.354660897e-01 0.000000000e+00 3.538661116e+00
1.131057703e+00 3.639142209e+00 2.901161770e-01 0.000000000e+00 4.574570873e+00
1.559327122e+00 4.979736283e+00 1.810393454e-01 0.000000000e+00 6.088730981e+00
-9.415243631e-01 4.601019050e+00 4.273447114e-01 0.000000000e+00 5.578115134e+00
3.249229901e-01 2.139440545e+00 2.093400767e-01 0.000000000e+00 3.634842060e+00
-7.222408162e-01 7.117259088e-01 4.551356166e-01 0.000000000e+00 5.211776808e+00
1.437543361e-01 2.269828873e+00 4.944652793e-02 0.000000000e+00 5.412375538e+00
1.366286720e+00 2.243240978e+00 3.214688686e-01 0.000000000e+00 4.678342088e+00
-8.824872189e-01 4.274583096e+00 3.800089027e-01 0.000000000e+00 4.595163441e+00
-1.411440515e+00 1.100149559e+00 8.313909050e-02 0.000000000e+00 4.907235396e+00
2.511160585e-01 2.315517912e+00 3.463329758e-01 0.000000000e+00 5.568070327e+00
1.047675211e+00 1.317482442e+00 2.547271327e-01 0.000000000e+00 4.148156284e+00
1.176194738e-01 9.976016363e-01 1.277511662e-01 0.000000000e+00 3.429586200e+00
2.340790578e-01 1.598370835e-01 3.241960774e-01 0.000000000e+00 4.872709624e+00
3.821753545e-01 2.207821410e+00 8.206644581e-02 0.000000000e+00 3.930254084e+00
-4.163707059e-02 6.391961432e-01 2.880313259e-01 0.000000000e+00 3.494630689e+00
-1.354680448e+00 5.863897866e+00 1.005107394e-01 0.000000000e+00 4.664406498e+00
-3.424212705e-02 3.407385373e+00 9.428520373e-02 0.000000000e+00 3.812395756e+00
2.999344303e-01 4.857083466e+00 8.100843647e-02 0.000000000e+00 5.376113690e+00
-1.392353277e+00 4.993932324e-01 1.834592817e-02 0.000000000e+00 6.047968978e+00
5.250137573e-01 3.940328725e+00 9.483264005e-02 0.000000000e+00 4.478393729e+00
8.966412771e-01 5.228540184e+00 8.839121479e-02 0.000000000e+00 4.212741673e+00
1.366679321e+00 4.945534477e+00 1.058391322e-01 0.000000000e+00 5.052396716e+00
6.759828331e-01 1.561646660e+00 4.462661831e-01 0.000000000e+00 5.054944024e+00
1.265950406e+00 3.675798848e+00 2.427862155e-01 0.000000000e+00 5.688997210e+00
1.082211035e+00 4.182060693e+00 4.547579576e-01 0.000000000e+00 4.755843737e+00
6.198898262e-01 5.294421257e+00 3.133837675e-01 0.000000000e+00 4.599779540e+00
-5.325665713e-01 2.918409144e+00 3.672699438e-01 0.000000000e+00 5.731592113e+00
-1.389966543e+00 5.478369505e+00 1.595087035e-01 0.000000000e+00 4.180638776e+00
1.492109746e+00 1.091268262e+00 3.621449094e-04 0.000000000e+00 6.130590944e+00
4.037217919e-01 1.931716162e+00 3.346465128e-01 0.000000000e+00 4.614486674e+00
1.413184996e+00 1.248840687e+00 2.381210221e-01 0.000000000e+00 4.591588803e+00
-1.078170263e+00 4.831372593e+00 3.729609389e-01 0.000000000e+00 3.884472998e+00
-8.716149264e-01 5.687944859e+00 3.178243499e-01 0.000000000e+00 3.603901887e+00
2.179337434e-01 2.203028201e+00 1.675956943e-01 0.000000000e+00 3.908188541e+00
-6.796250489e-01 2.850419258e+00 2.947715061e-01 0.000000000e+00 4.012015378e+00
-1.501346170e+00 1.061935342e+00 1.901455319e-02 0.000000000e+00 4.689069944e+00
4.888324052e-01 6.072459463e+00 2.901425267e-01 0.000000000e+00 5.667274829e+00
-9.604327658e-01 2.357761590e+00 4.734356831e-01 0.000000000e+00 3.959467023e+00
1.111380329e+00 5.355912438e+00 2.283627886e-01 0.000000000e+00 5.653546328e+00
-1.244614610e+00 4.668957147e+00 1.661793426e-01 0.000000000e+00 5.345145697e+00
-4.934935741e-01 3.275605532e+00 3.988735964e-01 0.000000000e+00 5.963806848e+00
-5.705993762e-01 6.463538406e-01 2.104043742e-01 0.000000000e+00 5.896576733e+00
-7.321498541e-01 5.520606155e-01 6.145422499e-02 0.000000000e+00 4.814957348e+00
1.895253067e-01 5.090140208e+00 2.888469766e-01 0.000000000e+00 3.730990429e+00
1.145624714e-01 5.080342762e+00 9.553228455e-02 0.000000000e+00 3.792228192e+00
-1.284511181e+00 2.334219255e-01 6.479433773e-02 0.000000000e+00 5.306714245e+00
-3.494434291e-01 5.946951733e+00 2.898133978e-01 0.000000000e+00 4.735962521e+00
-1.233263774e-01 2.685927247e+00 4.313689336e-01 0.000000000e+00 5.935795869e+00
1.148675024e+00 1.612885818e+00 2.224362780e-01 0.000000000e+00 5.263320647e+00
8.822339949e-01 4.714423560e+00 2.205214494e-01 0.000000000e+00 5.239619890e+00
1.018469245e+00 4.132215021e+00 1.174106097e-01 0.000000000e+00 3.588369827e+00
3.683123544e-01 5.310033533e+00 4.768529565e-01 0.000000000e+00 4.978115687e+00
3.526952080e-02 2.648846671e+00 1.785951427e-01 0.000000000e+00 5.110232402e+00
1.396664545e+00 3.951272434e+00 2.751401797e-01 0.000000000e+00 6.087848495e+00
-1.263721066e-02 4.691887595e+00 2.217785623e-01 0.000000000e+00 3.723864916e+00
-8.417918059e-02 5.556638387e+00 4.210217721e-01 0.000000000e+00 5.364598858e+00
2.402924707e-01 4.534484334e+00 4.313828018e-01 0.000000000e+00 5.307067671e+00
-6.175806190e-01 2.586226164e-01 4.278353423e-01 0.000000000e+00 4.688510297e+00
1.202753413e+00 3.132452478e+00 2.888702212e-01 0.000000000e+00 3.362441642e+00
7.185161136e-02 5.661185505e+00 2.361189309e-01 0.000000000e+00 4.740502850e+00
1.594744296e-01 3.641775391e+00 1.578448470e-01 0.000000000e+00 4.861099907e+00
-8.796959639e-01 2.278536465e+00 2.595545851e-01 0.000000000e+00 5.858587292e+00
1.498166496e-01 5.780905208e+00 1.707597066e-01 0.000000000e+00 4.805627742e+00
6.901376821e-02 1.088416059e+00 6.954986933e-02 0.000000000e+00 5.225703930e+00
-8.051007475e-01 4.342156250e+00 3.405801684e-01 0.000000000e+00 3.177729978e+00
-2.269297088e-01 7.883250852e-01 4.567861686e-01 0.000000000e+00 5.882561111e+00
-1.262495268e+00 2.428464219e+00 3.424950573e-01 0.000000000e+00 5.536455293e+00
-8.753471012e-01 5.690596878e+00 4.118091934e-01 0.000000000e+00 4.632807803e+00
1.292075485e+00 4.744866239e-01 4.750089009e-01 0.000000000e+00 4.337556626e+00
1.187465001e+00 7.998359910e-01 1.645616325e-01 0.000000000e+00 5.238910872e+00
1.034970535e+00 7.010205795e-01 1.823997819e-01 0.000000000e+00 5.903265520e+00
6.943091441e-01 6.022635603e+00 3.495052338e-01 0.000000000e+00 4.725746526e+00
-5.532982220e-01 5.044133745e+00 5.419527879e-02 0.000000000e+00 5.603150638e+00
-1.330166511e+00 3.815131196e-01 4.630671060e-01 0.000000000e+00 5.614446083e+00
7.201199464e-01 5.969007372e+00 4.432507862e-01 0.000000000e+00 4.906598197e+00
-1.018249457e+00 4.974493792e+00 6.579124940e-03 0.000000000e+00 6.044544437e+00
6.126592486e-01 3.053935039e+00 1.811359882e-01 0.000000000e+00 5.901625824e+00
8.599138801e-01 4.613530240e+00 2.671117592e-01 0.000000000e+00 6.259088079e+00
-3.798179431e-01 4.605968432e+00 3.984524323e-01 0.000000000e+00 5.385989462e+00
-1.403193863e+00 1.859510362e+00 2.258435230e-01 0.000000000e+00 4.853818641e+00
4.015055401e-01 1.537569924e+00 1.176198962e-01 0.000000000e+00 4.308941550e+00
-2.565069145e-01 3.454453535e+00 3.875930898e-01 0.000000000e+00 4.555024368e+00
-1.376178226e+00 3.263003805e+00 3.581911578e-02 0.000000000e+00 5.797194096e+00
-3.163212891e-01 1.633061391e+00 3.393848430e-01 0.000000000e+00 4.739234312e+00
1.338824538e+00 1.497217845e+00 2.935211967e-01 0.000000000e+00 4.640028319e+00
-9.102953457e-01 1.496584220e+00 1.051288550e-01 0.000000000e+00 4.680913390e+00
1.135315464e+00 1.242253904e+00 1.992491709e-02 0.000000000e+00 5.605345940e+00
-8.684185379e-02 2.903910640e+00 1.303801525e-01 0.000000000e+00 6.090762358e+00
3.775731483e-01 1.045999470e+00 4.515431790e-02 0.000000000e+00 4.249607333e+00
-7.101348417e-01 3.702055349e+00 3.179568733e-01 0.000000000e+00 6.020711702e+00
-4.786949113e-01 1.694246736e+00 1.891048558e-01 0.000000000e+00 5.816865017e+00
-1.372078501e+00 4.825453417e+00 4.868627226e-01 0.000000000e+00 4.380177093e+00
-1.290698221e+00 5.697293008e+00 4.554945308e-01 0.000000000e+00 5.669239312e+00
2.827054285e-02 1.378973380e+00 1.130523350e-01 0.000000000e+00 4.649612043e+00
-7.791624304e-01 2.738467366e+00 3.793550017e-01 0.000000000e+00 3.550743847e+00
8.424645794e-01 5.648740795e+00 3.672314965e-01 0.000000000e+00 5.967227110e+00
-4.767666333e-01 2.605260938e+00 4.922266125e-01 0.000000000e+00 3.833467794e+00
1.150984588e+00 8.491793964e-01 8.047393679e-02 0.000000000e+00 4.324741306e+00
1.008346595e+00 5.434079252e-01 4.682238343e-01 0.000000000e+00 4.476918587e+00
-8.922400623e-01 8.310911948e-01 4.875783555e-01 0.000000000e+00 3.705754097e+00
-1.203873151e+00 5.842538865e+00 2.796322729e-01 0.000000000e+00 3.944144962e+00
-5.569628488e-01 5.301229573e+00 3.122583313e-01 0.000000000e+00 6.130312589e+00
1.852486185e-01 1.659074907e+00 7.167991161e-02 0.000000000e+00 5.384442063e+00
1.096264665e+00 3.229432942e+00 8.466140357e-02 0.000000000e+00 4.766702872e+00
1.504682022e+00 5.304607712e+00 3.524279077e-01 0.000000000e+00 5.748150897e+00
8.966175117e-01 2.806476979e+00 2.280180803e-01 0.000000000e+00 5.916483007e+00
-5.395401883e-01 3.628492131e+00 3.336579989e-01 0.000000000e+00 4.288992925e+00
1.500099128e+00 5.470501650e+00 4.953957715e-02 0.000000000e+00 4.722920543e+00
1.256263089e+00 4.817458794e+00 4.577437487e-01 0.000000000e+00 4.471074768e+00
5.267441908e-02 3.617124600e+00 2.244911811e-01 0.000000000e+00 6.267809871e+00
-3.420114853e-01 4.939808186e+00 3.997400471e-02 0.000000000e+00 4.559953792e+00
-3.929530011e-01 2.045265215e+00 2.577597655e-01 0.000000000e+00 3.999378622e+00
1.521044281e+00 4.550883114e+00 4.740161488e-01 0.000000000e+00 5.083196633e+00
-3.400188673e-01 3.933747486e+00 3.784985825e-01 0.000000000e+00 4.181777855e+00
4.517193421e-01 5.473523350e+00 1.665605962e-01 0.000000000e+00 3.912667504e+00
-1.191456108e+00 2.709248241e+00 2.020519402e-01 0.000000000e+00 4.324978611e+00
-1.214881947e+00 3.495585405e+00 1.137685963e-01 0.000000000e+00 4.348211028e+00
7.131145148e-01 9.718660772e-01 8.364770455e-02 0.000000000e+00 6.108142266e+00
1.167693841e+00 2.540101619e+00 2.169276829e-01 0.000000000e+00 5.818362161e+00
1.911178602e-01 2.701076802e+00 1.635029216e-01 0.000000000e+00 4.295183271e+00
1.099132548e+00 5.720821976e-01 3.051450674e-01 0.000000000e+00 6.110493746e+00
-1.555637075e+00 3.056842415e+00 1.265199748e-01 0.000000000e+00 5.818612616e+00
-3.869367204e-01 3.433251871e+00 4.397234859e-02 0.000000000e+00 3.297879446e+00
-1.481657381e+00 2.009833796e+00 2.265091896e-01 0.000000000e+00 6.021134363e+00
-3.459905717e-01 1.983490198e+00 4.172236105e-02 0.000000000e+00 3.646523485e+00
-5.917065895e-01 3.700541328e+00 3.767231019e-01 0.000000000e+00 5.846697947e+00
-4.363105033e-01 1.646704140e+00 1.314019161e-01 0.000000000e+00 3.457232218e+00
-1.089431064e+00 5.529109327e+00 1.192503244e-01 0.000000000e+00 6.126627441e+00
7.764192758e-01 1.675432683e+00 4.613692863e-01 0.000000000e+00 5.075891782e+00
1.555573092e+00 4.262629292e+00 2.248777633e-01 0.000000000e+00 3.246057102e+00
-1.555940856e+00 3.919244368e+00 1.316214374e-01 0.000000000e+00 5.574121609e+00
4.515608545e-01 6.111501449e+00 2.675112758e-01 0.000000000e+00 5.892384335e+00
-5.332398532e-01 4.237443403e+00 3.836248032e-01 0.000000000e+00 6.223981662e+00
1.337600018e-01 9.197171551e-01 4.850787688e-01 0.000000000e+00 5.618870985e+00
-2.402077557e-01 5.012881374e+00 2.936594891e-01 0.000000000e+00 5.302923634e+00
1.474018564e+00 5.691386887e+00 7.200729330e-03 0.000000000e+00 5.856058330e+00
-9.464680787e-01 2.009927570e+00 6.249304424e-02 0.000000000e+00 4.749824359e+00
3.264222802e-01 1.795791891e+00 4.959208832e-01 0.000000000e+00 4.384397585e+00
7.071317095e-01 7.709694256e-01 6.254432839e-02 0.000000000e+00 3.831209113e+00
-1.159755448e+00 6.037206429e+00 1.915374092e-01 0.000000000e+00 4.030495260e+00
5.677512273e-01 3.382577263e+00 1.283291662e-01 0.000000000e+00 5.406571463e+00
1.025934304e+00 3.596859600e+00 1.683752761e-01 0.000000000e+00 3.171058111e+00
-1.811631051e-01 3.863857344e+00 3.359497597e-01 0.000000000e+00 3.752975708e+00
-1.272290933e+00 1.617634956e+00 2.912930454e-01 0.000000000e+00 4.131200802e+00
-1.171560100e+00 1.434439618e+00 3.116798412e-01 0.000000000e+00 3.342566723e+00
-7.845324932e-02 2.165839472e+00 2.396785428e-01 0.000000000e+00 5.915659660e+00
7.223317314e-01 1.581725016e+00 9.874173170e-03 0.000000000e+00 5.083860929e+00
3.901481550e-01 2.981052896e+00 3.975537256e-01 0.000000000e+00 4.610603766e+00
-1.242319556e+00 1.322303688e+00 3.171688326e-01 0.000000000e+00 5.969283995e+00
-5.230852197e-01 1.922654218e+00 4.848612331e-01 0.000000000e+00 5.066234841e+00
-6.727505490e-01 5.538440954e+00 2.203545511e-04 0.000000000e+00 5.879725735e+00
-4.826095551e-01 9.320416765e-01 1.071918222e-01 0.000000000e+00 4.624680719e+00
-1.205171887e+00 2.685070273e+00 1.934663498e-01 0.000000000e+00 4.109948284e+00
9.051960179e-04 6.057610759e+00 1.314427914e-02 0.000000000e+00 5.080485600e+00
-4.797410306e-01 5.883917896e+00 1.017021661e-01 0.000000000e+00 4.082230357e+00
7.030246896e-01 2.986032517e-01 3.293211858e-01 0.000000000e+00 4.923806294e+00
-1.301022546e+00 1.724373726e+00 3.400575846e-01 0.000000000e+00 4.276336151e+00
-9.467691098e-01 4.443766217e+00 1.253394574e-01 0.000000000e+00 5.284368288e+00
-1.425157048e+00 5.243085591e+00 1.818814274e-01 0.000000000e+00 5.287013928e+00
-4.260163175e-01 4.089395132e+00 2.653347193e-01 0.000000000e+00 4.793293894e+00
9.109879403e-01 2.354414634e+00 4.825756518e-01 0.000000000e+00 6.273373919e+00
-1.176536045e+00 2.607354576e+00 2.328204651e-01 0.000000000e+00 4.752583862e+00
-2.484644781e-01 3.203550777e+00 9.956980661e-02 0.000000000e+00 3.167793371e+00
5.682625737e-01 2.394278897e+00 4.502910815e-01 0.000000000e+00 4.329977546e+00
-1.117847506e+00 1.658961953e+00 2.017479089e-02 0.000000000e+00 4.238731066e+00
-1.514088675e+00 1.968867497e+00 1.589541487e-01 0.000000000e+00 5.989969023e+00
-1.511148329e+00 4.517410836e+00 2.898466966e-01 0.000000000e+00 5.557738163e+00
2.307474150e-01 1.656371964e+00 4.779854260e-01 0.000000000e+00 4.780070753e+00
-6.631029193e-01 3.436281731e-01 1.518964701e-01 0.000000000e+00 5.315535587e+00
5.414538658e-01 4.759011699e+00 4.756016113e-01 0.000000000e+00 4.532135293e+00
-9.151963501e-01 4.482133254e+00 2.155887750e-01 0.000000000e+00 3.218589279e+00
3.242962648e-02 4.053484928e+00 3.839230420e-01 0.000000000e+00 3.420319093e+00
1.233867057e+00 5.977321540e+00 3.011002127e-01 0.000000000e+00 5.239436592e+00
2.948491612e-01 2.214235615e+00 5.503736264e-02 0.000000000e+00 4.019781169e+00
4.183668251e-01 2.075589741e+00 3.549532949e-01 0.000000000e+00 4.564142024e+00
1.429580643e+00 2.536941939e-01 1.330169211e-01 0.000000000e+00 5.269754214e+00
-4.894130611e-01 5.662460610e+00 4.741469530e-01 0.000000000e+00 4.265612268e+00
-1.605732397e-01 1.232563867e+00 2.334765164e-01 0.000000000e+00 5.950787378e+00
4.538368209e-01 3.261944667e+00 1.495744021e-01 0.000000000e+00 3.867240758e+00
-1.184712894e-01 1.807224934e+00 2.446759114e-01 0.000000000e+00 4.802511521e+00
2.827611865e-01 3.516593193e+00 1.540740020e-01 0.000000000e+00 4.647979566e+00
-1.554898199e+00 3.349831777e+00 2.491989177e-01 0.000000000e+00 3.405999624e+00
1.340210514e-01 5.515374296e+00 2.349237604e-01 0.000000000e+00 5.828483303e+00
-7.647618953e-01 3.404930662e+00 2.040992108e-01 0.000000000e+00 4.442606952e+00
-4.071741727e-01 4.526451270e+00 4.278424667e-01 0.000000000e+00 4.771343368e+00
9.055964950e-01 3.789356932e+00 1.228244367e-01 0.000000000e+00 4.904170406e+00
-5.397423909e-01 6.075942640e+00 3.970140648e-01 0.000000000e+00 5.490670869e+00
1.153488496e+00 2.630920236e+00 1.244663479e-01 0.000000000e+00 6.188096376e+00
5.663268918e-01 1.638992477e+00 2.757414276e-01 0.000000000e+00 6.127044221e+00
7.921885352e-01 5.682400130e+00 2.246098540e-01 0.000000000e+00 3.501799014e+00
3.674864410e-01 3.971153539e+00 2.168950803e-03 0.000000000e+00 5.167958939e+00
1.492444412e+00 3.509145560e+00 9.727816745e-02 0.000000000e+00 5.905132110e+00
1.287352981e+00 3.628728451e+00 1.861305985e-02 0.000000000e+00 4.842373055e+00
1.224030553e+00 8.112999718e-01 4.126647075e-01 0.000000000e+00 6.069720724e+00
8.139982436e-01 4.348049044e+00 1.031948406e-01 0.000000000e+00 6.116628788e+00
-1.434682605e+00 4.185001973e+00 4.357309826e-01 0.000000000e+00 3.382516644e+00
-1.455754980e+00 3.945672723e+00 3.825538016e-01 0.000000000e+00 6.043930900e+00
9.679462017e-01 3.203205759e+00 4.014053624e-01 0.000000000e+00 5.733933441e+00
1.502168005e+00 1.922003142e-01 3.345896621e-01 0.000000000e+00 4.875715508e+00
4.989669457e-01 1.628018082e+00 3.077779430e-01 0.000000000e+00 5.217717192e+00
-3.491184064e-01 5.176840404e+00 1.193155689e-01 0.000000000e+00 5.511051409e+00
4.308911696e-01 3.931231614e+00 4.747429772e-02 0.000000000e+00 4.918891174e+00
-9.729315711e-01 3.928183683e+00 4.327360954e-01 0.000000000e+00 4.177437862e+00
-2.814781520e-01 1.554060835e+00 3.139491439e-01 0.000000000e+00 3.714395908e+00
-4.043855055e-01 5.031018246e+00 4.987838834e-01 0.000000000e+00 5.337108186e+00
-6.740690245e-01 1.210808802e+00 8.838810090e-02 0.000000000e+00 4.637710159e+00
-1.049418890e+00 7.620915802e-01 2.083052089e-01 0.000000000e+00 6.107680781e+00
1.375583030e+00 4.049373246e+00 3.520956239e-01 0.000000000e+00 3.325627123e+00
1.543982877e+00 1.066065763e-01 1.048102607e-01 0.000000000e+00 6.163037354e+00
1.912982566e-01 1.055753122e-01 1.580660705e-03 0.000000000e+00 5.106945425e+00
1.834099596e-01 3.087239711e+00 4.714742861e-01 0.000000000e+00 3.896636957e+00
1.451831383e+00 4.349496312e+00 5.530782244e-02 0.000000000e+00 5.747307759e+00
5.646657569e-01 4.752309321e+00 1.493742128e-01 0.000000000e+00 3.572933049e+00
-1.415576997e+00 6.077714296e+00 4.265258518e-01 0.000000000e+00 4.879930052e+00
-6.669496842e-01 3.646226913e+00 2.967822730e-01 0.000000000e+00 4.411763303e+00
-3.035442174e-01 3.640600234e+00 3.434069171e-01 0.000000000e+00 4.465425831e+00
-3.370163162e-01 5.105212250e+00 4.065276903e-01 0.000000000e+00 4.762970254e+00
-8.807400300e-01 2.064855213e+00 6.745441764e-02 0.000000000e+00 4.528728205e+00
-3.366958431e-01 1.084207117e+00 2.214900684e-01 0.000000000e+00 4.689630032e+00
6.661597972e-01 4.707841143e+00 1.805663599e-01 0.000000000e+00 5.654950329e+00
9.180964015e-01 5.710104780e+00 9.012530002e-02 0.000000000e+00 4.660740620e+00
1.162089900e+00 2.793923739e+00 2.951787653e-01 0.000000000e+00 5.128457691e+00
-9.949937151e-01 5.782879540e+00 3.596037466e-02 0.000000000e+00 4.485588288e+00
-2.190165088e-01 1.498355916e+00 3.370352813e-02 0.000000000e+00 3.630427477e+00
-1.098847565e+00 2.300727832e+00 2.731822880e-01 0.000000000e+00 3.626177215e+00
-7.045791608e-01 5.252557104e+00 4.438920181e-01 0.000000000e+00 3.602493965e+00
-1.382477859e+00 5.884196115e+00 4.243679313e-02 0.000000000e+00 4.828975225e+00
4.172727185e-01 3.979113333e+00 3.304853834e-01 0.000000000e+00 4.888427658e+00
-6.497383208e-01 5.955727511e+00 1.550961042e-01 0.000000000e+00 5.687455805e+00
1.258270435e+00 2.329862189e+00 9.144360032e-02 0.000000000e+00 4.756139079e+00
-6.606575921e-01 1.842345388e+00 2.343073358e-01 0.000000000e+00 5.780615399e+00
-1.306579252e+00 3.310374038e+00 3.821201007e-01 0.000000000e+00 4.519947455e+00
-1.593283234e-01 5.634841178e+00 3.047920937e-01 0.000000000e+00 4.958855553e+00
-9.099017777e-01 7.802745095e-01 1.922651391e-01 0.000000000e+00 3.555011585e+00
3.750736537e-01 2.395896149e+00 1.452952425e-01 0.000000000e+00 5.311751368e+00
1.170262902e-01 4.708144930e+00 2.868663247e-02 0.000000000e+00 4.298171319e+00
1.336702328e+00 3.906478650e+00 7.941992317e-02 0.000000000e+00 5.506170250e+00
-5.545885872e-01 1.435117472e+00 3.779685933e-01 0.000000000e+00 4.154025912e+00
7.778592422e-01 1.516805222e+00 1.663106865e-02 0.000000000e+00 3.273735381e+00
9.344585836e-01 1.680813939e-01 4.980456901e-01 0.000000000e+00 4.885395579e+00
-1.410229734e+00 3.571279627e+00 2.664046826e-01 0.000000000e+00 4.469990143e+00
-7.538640113e-01 6.093992396e+00 9.612937864e-02 0.000000000e+00 3.226621122e+00
7.619531429e-01 8.570849694e-01 2.508475875e-01 0.000000000e+00 6.166121969e+00
4.467942905e-01 4.879294564e+00 2.395427749e-01 0.000000000e+00 3.974975841e+00
5.381373902e-01 1.755592789e+00 3.994368415e-01 0.000000000e+00 5.422650872e+00
-2.417724306e-01 4.134717107e+00 2.371363517e-01 0.000000000e+00 3.166853596e+00
-1.416798191e+00 6.156830663e+00 2.228371405e-01 0.000000000e+00 5.392425435e+00
-8.550489017e-01 4.299931790e+00 3.981571262e-01 0.000000000e+00 4.904523491e+00
-7.796494176e-02 2.373020281e+00 1.731150237e-01 0.000000000e+00 5.619019429e+00
-2.974201729e-01 1.552690294e+00 2.063042445e-01 0.000000000e+00 4.464034503e+00
1.098394364e+00 4.080867279e+00 9.119461850e-02 0.000000000e+00 5.974827838e+00
1.109835795e+00 6.022699774e+00 2.105998005e-01 0.000000000e+00 5.965435039e+00
1.422384821e+00 4.830189124e+00 1.104761780e-01 0.000000000e+00 3.204214039e+00
1.535238872e+00 6.053744478e+00 4.931527825e-01 0.000000000e+00 4.456342274e+00
1.215570914e+00 4.413570480e+00 4.500273404e-01 0.000000000e+00 4.216416237e+00
4.436314283e-01 6.148275472e+00 2.065245140e-01 0.000000000e+00 6.194734931e+00
-8.903547380e-02 5.749522590e+00 4.403266434e-01 0.000000000e+00 3.684262091e+00
-9.698148088e-01 2.055675258e-01 3.179497795e-01 0.000000000e+00 5.321942739e+00
-1.324813062e+00 5.050920546e+00 3.789499858e-02 0.000000000e+00 3.330239988e+00
2.314579955e-01 3.149784329e-01 2.432352135e-01 0.000000000e+00 4.694061300e+00
5.304021915e-01 4.308978328e+00 1.562876172e-01 0.000000000e+00 4.944772146e+00
3.672314224e-01 4.788005290e+00 7.387847525e-02 0.000000000e+00 4.406580185e+00
-1.303524133e+00 3.491429609e+00 2.124865705e-01 0.000000000e+00 4.855563987e+00
1.000843993e+00 3.235788885e+00 9.221564574e-02 0.000000000e+00 6.123881842e+00
-1.460114366e+00 8.407123270e-01 3.307389912e-02 0.000000000e+00 3.519770992e+00
1.896184182e-01 1.839788479e+00 3.960016269e-01 0.000000000e+00 3.858429033e+00
-1.235678200e+00 1.302004233e+00 1.620322829e-01 0.000000000e+00 5.725829582e+00
1.567284391e+00 2.389503214e+00 3.010798917e-01 0.000000000e+00 5.541623534e+00
3.913446911e-01 6.681278721e-01 1.506871130e-01 0.000000000e+00 3.693927903e+00
-6.345930208e-01 2.679362096e+00 4.090457388e-02 0.000000000e+00 5.140098564e+00
1.174986236e+00 3.915578107e-01 4.958951107e-01 0.000000000e+00 3.600254098e+00
5.642954801e-01 2.305507023e-01 3.473817597e-01 0.000000000e+00 3.785634827e+00
-7.670535928e-01 6.225574273e+00 3.749542477e-01 0.000000000e+00 5.597307901e+00
1.205087283e+00 1.749821249e+00 1.256593508e-01 0.000000000e+00 4.472288466e+00
1.500198430e+00 8.886170108e-01 2.898489095e-01 0.000000000e+00 4.623749058e+00
1.146817050e-01 2.731740087e+00 3.071056436e-01 0.000000000e+00 3.548404099e+00
3.939623633e-01 1.318731989e+00 3.636885154e-01 0.000000000e+00 5.206113921e+00
-2.084589655e-01 5.943617478e+00 3.320882897e-01 0.000000000e+00 4.737998138e+00
-1.288278584e+00 2.154595867e+00 1.989124924e-01 0.000000000e+00 5.231444257e+00
1.159536350e+00 4.314764215e+00 2.735959717e-01 0.000000000e+00 3.308785611e+00
-1.126678608e+00 2.150448954e+00 3.593960212e-01 0.000000000e+00 3.256146273e+00
5.140652637e-01 3.297072250e+00 2.186531190e-01 0.000000000e+00 4.366964800e+00
-1.392988639e-01 4.652577346e-01 4.898458316e-01 0.000000000e+00 4.253839306e+00
-7.441070809e-01 2.869478664e-01 1.930082953e-01 0.000000000e+00 5.233551825e+00
7.433547301e-01 4.067275694e+00 2.834260478e-01 0.000000000e+00 4.577693508e+00
1.031884945e+00 2.819453750e+00 1.876737297e-01 0.000000000e+00 5.170060824e+00
9.994986237e-01 6.222472338e+00 6.601159112e-02 0.000000000e+00 3.854458367e+00
-9.469425637e-01 1.339180011e+00 1.454665574e-01 0.000000000e+00 5.684853236e+00
1.810283280e-01 5.549730788e+00 2.022423139e-01 0.000000000e+00 3.248933208e+00
-1.046034128e+00 6.399224313e-01 3.934160755e-01 0.000000000e+00 3.438736862e+00
7.836227991e-01 4.692675322e+00 4.675356486e-01 0.000000000e+00 5.776207276e+00
-7.302633050e-01 2.451689745e+00 2.865281251e-01 0.000000000e+00 4.021913834e+00
1.175153386e+00 4.551662246e+00 3.486642126e-01 0.000000000e+00 6.249998791e+00
-1.546578306e+00 1.502783293e+00 4.836835389e-01 0.000000000e+00 4.094582472e+00
-1.173773243e+00 1.588718645e+00 1.421623374e-01 0.000000000e+00 4.591611721e+00
-1.250685831e+00 5.736341054e+00 2.577978981e-01 0.000000000e+00 4.290448157e+00
-7.589966061e-01 1.043548477e+00 3.071048828e-01 0.000000000e+00 4.777382703e+00
2.613360092e-01 5.398245381e+00 2.393425017e-01 0.000000000e+00 5.306827799e+00
1.059060799e+00 4.197553736e+00 3.552274013e-01 0.000000000e+00 3.661076391e+00
4.319929629e-01 3.205221231e+00 3.058861407e-01 0.000000000e+00 4.515697794e+00
5.983269506e-01 6.131043034e+00 3.514924017e-01 0.000000000e+00 5.975891759e+00
-1.231600605e+00 4.064859704e+00 1.127377290e-01 0.000000000e+00 3.875408585e+00
-9.117000465e-01 2.242299929e-01 3.593217890e-01 0.000000000e+00 5.259281730e+00
9.885711193e-01 3.914336293e+00 4.654283460e-01 0.000000000e+00 5.302231798e+00
5.988386818e-01 5.985623141e+00 1.450949062e-02 0.000000000e+00 3.730507953e+00
1.394111070e+00 4.147287261e+00 3.527330165e-02 0.000000000e+00 5.446900742e+00
-1.071781064e+00 2.537697013e+00 3.739135838e-01 0.000000000e+00 5.436705762e+00
-1.154700602e+00 1.109006778e+00 4.856341841e-02 0.000000000e+00 4.614661667e+00
-7.465854396e-01 1.271544637e+00 6.576524045e-02 0.000000000e+00 5.939338065e+00
9.234476320e-01 1.075681252e+00 1.500507020e-01 0.000000000e+00 5.097535066e+00
2.504894705e-02 4.793133905e+00 1.689326812e-01 0.000000000e+00 4.666946832e+00
3.648964709e-01 5.148433576e+00 2.430312505e-01 0.000000000e+00 3.610082594e+00
-1.022833146e+00 5.393136652e+00 4.770759533e-01 0.000000000e+00 5.274475892e+00
3.311265812e-01 3.539380235e-01 4.060789151e-01 0.000000000e+00 3.811307293e+00
1.750399937e-01 8.435317560e-01 3.353033076e-01 0.000000000e+00 6.114243135e+00
5.500220144e-01 2.339944263e+00 4.530208858e-01 0.000000000e+00 4.146290093e+00
-1.832999073e-01 4.508587952e+00 1.556916419e-01 0.000000000e+00 5.452577876e+00
4.449730087e-01 2.594658787e+00 2.897362780e-01 0.000000000e+00 4.730274160e+00
-2.367320923e-01 2.468872680e+00 1.833158266e-01 0.000000000e+00 5.024481144e+00
1.851007971e-01 1.748272921e+00 1.285132640e-01 0.000000000e+00 5.994469065e+00
-7.824003089e-01 4.453850611e+00 2.318009924e-01 0.000000000e+00 4.899954506e+00
-1.434929557e+00 1.345509211e+00 6.999638268e-02 0.000000000e+00 6.182495216e+00
-1.002725195e+00 4.394207277e+00 4.574749000e-01 0.000000000e+00 5.822632837e+00
-9.582964680e-01 5.292555716e+00 3.483684108e-01 0.000000000e+00 3.270426717e+00
-1.335856141e+00 3.778037852e+00 2.225835512e-02 0.000000000e+00 5.085031356e+00
1.297916253e+00 4.580566235e+00 1.488676737e-01 0.000000000e+00 6.226269073e+00
-1.127972952e+00 5.239177440e+00 2.008891354e-01 0.000000000e+00 3.540669072e+00
1.189278882e+00 6.012738064e+00 4.476710762e-01 0.000000000e+00 4.277362564e+00
1.399921869e+00 5.485009070e+00 4.364959993e-01 0.000000000e+00 3.470313766e+00
1.213433211e+00 1.653450365e+00 4.152537645e-01 0.000000000e+00 4.961305181e+00
1.540659864e+00 4.123927321e+00 5.397874650e-02 0.000000000e+00 3.149173545e+00
1.145020967e+00 2.778553189e-01 3.972226527e-01 0.000000000e+00 5.865752052e+00
6.479811624e-01 2.725819312e+00 5.809257547e-02 0.000000000e+00 3.630167608e+00
9.924418742e-01 5.515724071e+00 8.500298878e-02 0.000000000e+00 3.150749369e+00
-4.107830451e-01 3.149003381e+00 4.646860078e-01 0.000000000e+00 5.760985985e+00
-6.294161464e-01 3.782408699e+00 4.874386910e-01 0.000000000e+00 5.142914303e+00
1.139868443e+00 2.161205086e+00 1.515683947e-01 0.000000000e+00 4.789413151e+00
2.961890170e-01 3.504596065e+00 3.242925374e-01 0.000000000e+00 3.211035820e+00
-1.347925015e+00 5.339076543e+00 3.507793459e-01 0.000000000e+00 6.068498036e+00
1.126135857e-02 5.385968850e+00 2.094060344e-01 0.000000000e+00 5.437601439e+00
-1.141959458e-01 1.327886653e+00 4.095573892e-02 0.000000000e+00 3.153800985e+00
1.507956361e+00 3.921720669e+00 3.807838738e-01 0.000000000e+00 3.688168590e+00
1.868838034e-01 1.774066172e+00 5.158032359e-02 0.000000000e+00 5.744685243e+00
1.293168372e+00 6.103577444e+00 3.313617188e-01 0.000000000e+00 3.944870798e+00
-1.408679003e+00 5.670067550e-01 3.009700235e-01 0.000000000e+00 3.428855572e+00
-6.728888430e-01 3.495098705e+00 3.121865848e-01 0.000000000e+00 5.051032686e+00
4.498362615e-01 5.285112183e+00 9.662091538e-03 0.000000000e+00 5.675815993e+00
3.394316739e-01 4.468538069e+00 3.340629595e-01 0.000000000e+00 3.554839740e+00
5.600203914e-01 2.729460125e+00 1.208806765e-02 0.000000000e+00 3.791123315e+00
-1.080912513e+00 3.933584081e+00 2.316558178e-01 0.000000000e+00 3.190979032e+00
-5.070254412e-01 3.916408531e+00 1.960059042e-01 0.000000000e+00 5.662795458e+00
8.623857992e-01 5.755084104e+00 4.611689528e-01 0.000000000e+00 3.843900849e+00
-1.356701311e+00 1.987922124e+00 3.225469137e-01 0.000000000e+00 5.004601674e+00
-7.914538406e-01 1.297697716e+00 3.028888178e-01 0.000000000e+00 6.106177816e+00
-1.754240390e-02 4.418974390e-01 2.698020773e-01 0.000000000e+00 5.310949861e+00
-1.180288137e+00 9.488132305e-01 3.493586973e-01 0.000000000e+00 4.280551591e+00
-1.141838233e+00 5.174885680e+00 3.835119542e-01 0.000000000e+00 5.670594173e+00
3.801688679e-01 5.986741257e+00 8.323949839e-03 0.000000000e+00 5.411742483e+00
2.470742450e-02 3.699022493e+00 3.206631136e-01 0.000000000e+00 6.238875588e+00
-6.176916651e-01 3.879756793e+00 2.003008212e-01 0.000000000e+00 4.514146086e+00
6.494970585e-01 4.299024310e+00 1.112375955e-01 0.000000000e+00 5.615606566e+00
-2.566763837e-01 7.820513018e-01 2.338937841e-01 0.000000000e+00 5.625633464e+00
-1.131985659e+00 2.614357599e+00 4.418994899e-01 0.000000000e+00 5.593240923e+00
3.966112437e-02 1.073620366e+00 8.393718299e-02 0.000000000e+00 4.546943442e+00
-1.223994104e+00 3.346375881e-01 1.317897824e-02 0.000000000e+00 4.349034819e+00
1.545455218e+00 4.665526494e+00 4.394409357e-01 0.000000000e+00 5.117965548e+00
4.175953038e-01 1.410948520e+00 4.248203747e-02 0.000000000e+00 3.158823976e+00
-1.073458482e+00 9.022811242e-01 3.175902181e-01 0.000000000e+00 5.768773268e+00
2.394524992e-01 1.879007575e+00 1.045921974e-01 0.000000000e+00 4.569654092e+00
-4.326266208e-01 2.393973459e+00 3.612401111e-01 0.000000000e+00 4.805707332e+00
7.830954328e-01 4.151139925e+00 1.932223416e-01 0.000000000e+00 4.849758652e+00
1.286061833e+00 3.637904247e+00 1.591449970e-01 0.000000000e+00 4.557288868e+00
2.076299532e-01 4.622911899e+00 2.707861177e-01 0.000000000e+00 3.317515377e+00
-2.862826092e-01 4.204381592e+00 2.380887477e-01 0.000000000e+00 4.894090512e+00
-1.162307172e+00 3.244828690e+00 4.003712562e-01 0.000000000e+00 3.550435371e+00
-7.004124978e-01 4.893118964e+00 3.433016510e-01 0.000000000e+00 4.316961902e+00
1.944746328e-02 3.709086045e+00 2.509653449e-01 0.000000000e+00 5.614836325e+00
-6.667431083e-01 3.996289958e+00 2.705567857e-01 0.000000000e+00 5.873741118e+00
-7.259995456e-01 3.245692017e+00 1.855018163e-01 0.000000000e+00 3.744812462e+00
-3.277245597e-01 5.306470213e+00 9.789318551e-02 0.000000000e+00 6.129352981e+00
-9.338206479e-01 1.859063524e+00 1.074412888e-01 0.000000000e+00 5.273612422e+00
-3.620492355e-01 2.661024991e-01 2.770223253e-01 0.000000000e+00 4.234507977e+00
5.721079843e-01 1.639682699e+00 2.535611719e-01 0.000000000e+00 3.259304933e+00
7.763592924e-01 4.028841158e+00 3.543053277e-02 0.000000000e+00 3.540848078e+00
-1.481735297e+00 8.493299487e-01 2.557233732e-01 0.000000000e+00 3.959888049e+00
8.914980629e-01 4.929765348e-01 3.538879726e-02 0.000000000e+00 3.532493689e+00
9.557339984e-01 6.167546857e+00 4.245030092e-01 0.000000000e+00 5.452000679e+00
3.431160914e-01 1.549123224e+00 2.171846133e-02 0.000000000e+00 3.204274939e+00
-3.294853983e-01 7.735409431e-01 3.203624980e-01 0.000000000e+00 3.459283838e+00
1.194270068e+00 1.030139301e+00 3.995876143e-02 0.000000000e+00 4.558158956e+00
-1.202743823e+00 3.029648695e-01 3.189020316e-02 0.000000000e+00 5.991071371e+00
9.152024917e-01 2.220326706e+00 2.185711776e-01 0.000000000e+00 4.179975807e+00
8.023690737e-01 6.006358931e+00 4.625274975e-01 0.000000000e+00 4.523267545e+00
1.051676680e+00 2.228337753e+00 1.536451496e-02 0.000000000e+00 5.508754591e+00
7.755201260e-01 1.099092735e+00 2.601741001e-01 0.000000000e+00 3.913880279e+00
-1.218669696e+00 3.158177859e+00 3.331235907e-01 0.000000000e+00 5.130606715e+00
-1.491531454e+00 2.077823337e+00 4.527901763e-02 0.000000000e+00 4.470877064e+00
7.631896306e-01 4.926376947e+00 4.378960637e-01 0.000000000e+00 6.094938808e+00
6.140352279e-01 2.794028867e+00 4.172402572e-02 0.000000000e+00 4.046453339e+00
1.164870424e-01 2.898635590e+00 1.595350883e-01 0.000000000e+00 5.522805286e+00
-1.169923914e+00 3.899338369e+00 1.753060906e-01 0.000000000e+00 5.969555161e+00
-9.718086811e-01 5.814231564e+00 2.580974031e-02 0.000000000e+00 4.318039446e+00
6.367618705e-02 5.241605493e+00 2.121031252e-03 0.000000000e+00 3.820538081e+00
6.090484921e-01 1.081322656e+00 2.008325772e-01 0.000000000e+00 5.246358584e+00
1.466721305e+00 5.117182976e+00 6.928613128e-02 0.000000000e+00 4.644210333e+00
3.798293891e-01 3.604992600e-01 2.443295374e-02 0.000000000e+00 3.433694619e+00
1.197206047e+00 4.915431996e+00 1.445523334e-01 0.000000000e+00 5.084223897e+00
1.001058114e+00 5.346026584e+00 4.234374182e-01 0.000000000e+00 4.982134693e+00
-1.344096393e+00 4.478492233e+00 4.626036918e-01 0.000000000e+00 4.958773172e+00
7.823544227e-01 1.959685414e+00 9.027627217e-03 0.000000000e+00 5.404305636e+00
1.309333632e+00 6.188142146e+00 2.639991414e-01 0.000000000e+00 3.221357524e+00
1.217910809e+00 3.492330828e+00 1.813547071e-01 0.000000000e+00 3.768370262e+00
5.091517839e-01 5.560625495e+00 2.995632806e-01 0.000000000e+00 3.701912206e+00
1.765287578e-01 1.896883837e+00 3.062072764e-01 0.000000000e+00 3.752729217e+00
8.394428512e-02 2.598391116e+00 1.978335375e-01 0.000000000e+00 3.535072598e+00
2.933785237e-01 3.497451933e+00 4.933762975e-01 0.000000000e+00 5.693278241e+00
-4.926600894e-01 6.001361718e+00 2.517042376e-02 0.000000000e+00 5.202361198e+00
6.365564569e-01 3.280295318e-01 2.505476102e-01 0.000000000e+00 3.367669656e+00
8.317701191e-01 5.214483258e+00 3.989071256e-01 0.000000000e+00 3.323759591e+00
-7.212820058e-01 5.676204783e+00 4.173760272e-01 0.000000000e+00 5.625258849e+00
-5.933583943e-01 2.974496834e+00 4.111165547e-01 0.000000000e+00 6.139437980e+00
-5.614991808e-01 4.503995079e+00 3.494753336e-01 0.000000000e+00 5.370559088e+00
6.626489441e-01 5.593887680e+00 2.401233140e-01 0.000000000e+00 3.416876812e+00
4.160994830e-01 3.003870378e+00 5.134808590e-02 0.000000000e+00 4.039315175e+00
1.282428275e-01 1.516703362e+00 1.648769686e-02 0.000000000e+00 6.043061882e+00
9.753749540e-01 1.022544311e+00 1.883628245e-01 0.000000000e+00 3.716411870e+00
-1.425173611e+00 8.188269125e-01 3.767032623e-01 0.000000000e+00 4.880497297e+00
-5.887030096e-01 2.870500007e-01 2.834739308e-01 0.000000000e+00 5.552646698e+00
1.535236701e+00 3.477332519e+00 4.355372613e-02 0.000000000e+00 3.669298723e+00
-1.113376095e+00 1.612478071e+00 1.544217865e-01 0.000000000e+00 4.620928335e+00
1.255428799e+00 5.804689825e-01 2.197799951e-01 0.000000000e+00 3.592183605e+00
6.472174841e-01 4.068127462e+00 2.640322290e-01 0.000000000e+00 4.120043515e+00
-3.200743857e-01 4.084813566e+00 1.759882583e-01 0.000000000e+00 5.648181313e+00
-1.148776988e-01 3.995691349e+00 1.301970179e-01 0.000000000e+00 3.703590219e+00
2.089161770e-01 2.881061726e+00 1.556225084e-01 0.000000000e+00 3.430305066e+00
9.852749469e-01 6.116551569e+00 4.068040097e-01 0.000000000e+00 3.657213059e+00
-2.878637613e-01 2.920883147e+00 3.132070126e-01 0.000000000e+00 5.707639530e+00
-1.337340946e+00 4.305075213e+00 3.030969295e-01 0.000000000e+00 5.992356578e+00
1.231426999e+00 5.049091445e+00 4.588976212e-01 0.000000000e+00 4.938702945e+00
-1.423950609e+00 6.128398561e+00 7.625363953e-02 0.000000000e+00 5.421172863e+00
8.572848920e-01 4.238109235e+00 1.286698889e-01 0.000000000e+00 5.062901238e+00
1.093938543e+00 3.524585097e+00 4.241121165e-01 0.000000000e+00 5.555666800e+00
7.903931000e-01 4.706894665e+00 2.378021288e-01 0.000000000e+00 3.152528962e+00
-6.811056189e-01 5.022490215e-01 3.390686070e-01 0.000000000e+00 5.693261905e+00
-1.549722672e+00 2.561934363e-01 4.886069730e-01 0.000000000e+00 5.729220016e+00
8.684778121e-02 3.840223260e+00 2.060017069e-01 0.000000000e+00 5.222193293e+00
-2.902522577e-01 4.687774919e+00 5.385764708e-02 0.000000000e+00 4.015747778e+00
-4.043502333e-01 5.149149435e+00 7.747045260e-02 0.000000000e+00 5.179349720e+00
-1.456136641e+00 5.282417464e+00 4.559199684e-01 0.000000000e+00 3.963596801e+00
-3.795314553e-02 2.676556806e+00 3.832778571e-02 0.000000000e+00 5.961198716e+00
1.410406583e+00 1.502164928e+00 3.525801241e-01 0.000000000e+00 4.283060196e+00
3.839301972e-01 6.106353736e+00 2.192350788e-02 0.000000000e+00 5.939038855e+00
-2.804311953e-01 1.034445644e+00 2.828111656e-01 0.000000000e+00 4.123811925e+00
-1.083327481e+00 6.132298463e+00 2.906710545e-01 0.000000000e+00 6.200557074e+00
6.042809623e-01 3.423364620e+00 4.079937006e-01 0.000000000e+00 3.882122816e+00
2.422297757e-01 1.910254849e+00 1.014323945e-01 0.000000000e+00 6.009694218e+00
1.312961561e+00 5.282060346e+00 4.638162014e-03 0.000000000e+00 5.765752273e+00
-5.157364740e-01 3.533796577e+00 3.101496826e-01 0.000000000e+00 4.092388341e+00
-2.771792326e-01 5.256299680e+00 1.455903310e-01 0.000000000e+00 4.198289676e+00
-1.021325289e+00 2.503086780e+00 4.189173139e-02 0.000000000e+00 5.309388075e+00
2.014123091e-01 4.965990775e+00 1.272268537e-01 0.000000000e+00 4.580350589e+00
1.564577050e+00 3.053350307e+00 3.577944375e-01 0.000000000e+00 4.890463971e+00
-9.389973113e-01 6.122899061e+00 1.197622588e-01 0.000000000e+00 3.906232382e+00
-1.149829969e+00 3.879515645e+00 1.478758437e-01 0.000000000e+00 4.895623780e+00
-1.128834053e+00 4.529901443e+00 4.016793729e-01 0.000000000e+00 5.057189194e+00
-5.475619123e-01 5.565647318e+00 3.460862328e-01 0.000000000e+00 3.329374716e+00
1.277013032e+00 2.146947063e+00 1.289930141e-01 0.000000000e+00 3.314475311e+00
-5.306511653e-01 4.044273010e+00 2.977175924e-01 0.000000000e+00 4.822194311e+00
-1.267666150e-01 8.066850857e-01 9.057179098e-02 0.000000000e+00 3.465956082e+00
1.395801356e+00 3.851998311e+00 2.034737714e-01 0.000000000e+00 4.919159630e+00
-3.715301503e-01 3.176683346e+00 9.489943316e-02 0.000000000e+00 6.118848427e+00
-2.474224349e-01 4.143776631e+00 3.269140178e-01 0.000000000e+00 4.656974711e+00
1.397402623e+00 4.629671904e+00 5.376413927e-02 0.000000000e+00 3.292685753e+00
-6.922968352e-01 5.966658716e+00 3.967495780e-01 0.000000000e+00 4.366405203e+00
-9.793682978e-01 3.726702038e+00 5.527578232e-02 0.000000000e+00 3.506963352e+00
7.183483166e-01 4.510042011e+00 3.520673997e-01 0.000000000e+00 4.901630363e+00
-2.731352313e-01 5.188855636e-01 1.271153682e-01 0.000000000e+00 5.544479289e+00
2.457642256e-01 3.209673301e+00 3.951407020e-01 0.000000000e+00 6.057714801e+00
1.438439420e+00 2.737421551e+00 4.407376835e-01 0.000000000e+00 5.420962007e+00
8.190268062e-01 3.745207582e+00 2.421665531e-02 0.000000000e+00 4.736801994e+00
-1.428900454e-01 2.701000110e+00 4.972416677e-01 0.000000000e+00 6.070163616e+00
-1.123025257e+00 2.697167309e+00 1.030357386e-01 0.000000000e+00 3.655613235e+00
1.081798748e+00 2.083578334e+00 4.575450533e-01 0.000000000e+00 4.663526930e+00
2.914677995e-01 5.133902992e-01 1.426783995e-01 0.000000000e+00 3.537358428e+00
-1.297513888e+00 1.468117730e+00 3.186252264e-01 0.000000000e+00 3.377261175e+00
1.474174324e+00 5.221496296e+00 4.263191563e-01 0.000000000e+00 6.130042368e+00
-3.541676992e-01 4.794453305e+00 1.546985622e-03 0.000000000e+00 3.498419894e+00
-1.457730877e+00 4.970355208e+00 1.993355124e-01 0.000000000e+00 5.670756791e+00
1.396033806e+00 4.798341150e+00 2.441506787e-01 0.000000000e+00 3.474818514e+00
3.571831879e-01 3.071071086e+00 1.042936202e-01 0.000000000e+00 3.625210743e+00
-1.437919961e-01 2.372206384e+00 6.178162524e-02 0.000000000e+00 4.685177112e+00
-1.316222601e-01 4.965858625e+00 1.826527176e-01 0.000000000e+00 4.778675792e+00
1.425922676e+00 4.729436447e+00 2.972635540e-01 0.000000000e+00 3.384335597e+00
-6.276668751e-01 1.303568361e+00 6.807065822e-02 0.000000000e+00 5.648226313e+00
-4.523810116e-01 8.367995493e-01 3.651778822e-01 0.000000000e+00 4.212714798e+00
-1.096141701e+00 6.096318428e+00 2.625570707e-03 0.000000000e+00 5.190794343e+00
-8.364098163e-01 3.561132043e+00 1.537941647e-01 0.000000000e+00 6.042116406e+00
-1.423868284e+00 3.337183074e+00 4.713002883e-01 0.000000000e+00 4.812822528e+00
-4.756202562e-01 2.980835286e+00 4.818164431e-01 0.000000000e+00 5.740064401e+00
8.970381386e-01 1.719911533e+00 4.891137033e-01 0.000000000e+00 5.881057257e+00
-1.168068322e-01 3.722458294e+00 1.447915620e-01 0.000000000e+00 4.454287634e+00
2.186617519e-02 6.261045959e+00 3.003612413e-01 0.000000000e+00 3.933247761e+00
5.366498074e-01 4.726702889e+00 3.926598551e-01 0.000000000e+00 4.876624355e+00
-1.780392436e-01 3.289629392e+00 3.514738714e-01 0.000000000e+00 5.381434345e+00
-9.316966293e-01 2.424255678e+00 5.051653755e-02 0.000000000e+00 6.121602605e+00
1.227378650e+00 2.173400926e+00 2.076125804e-01 0.000000000e+00 3.442493946e+00
4.265349762e-01 2.952575463e+00 8.613683130e-02 0.000000000e+00 3.339453444e+00
